Player 0 0 100 100
Floor -400 -400 830 830 0.0 0
Wall -400 -400 100 100 1
Wall -400 -300 100 100 1
Wall -450 -200 100 100 1
Wall -450 -100 100 100 1
Wall -450 0 100 100 1
Wall -450 100 100 100 1
Wall -400 -250 100 100 1
Wall -400 200 100 100 1
Wall -350 250 100 100 1
Wall -300 300 100 100 1
Wall -250 350 100 100 1
Wall -350 -350 100 100 1
Wall -300 -400 100 100 1
Wall -200 -400 100 100 1
Wall -100 -450 100 100 1
Wall 0 -450 100 100 1
Wall 100 -450 100 100 1
Wall 150 -400 100 100 1
Wall 250 -400 100 100 1
Wall 250 -350 100 100 1
Wall 300 -300 100 100 1
Wall 350 -250 100 100 1
Wall 350 -200 100 100 1
Wall 400 -150 100 100 1
Wall 400 -50 100 100 1
Wall 400 0 100 100 1
Wall -200 350 100 100 1
Wall -150 400 100 100 1
Wall -50 400 100 100 1
Wall 50 400 100 100 1
Wall 150 400 100 100 1
Wall 150 350 100 100 1
Wall 250 300 100 100 1
Wall 300 250 100 100 1
Wall 350 200 100 100 1
Wall 350 150 100 100 1
Wall 400 100 100 100 1
Exit -50 300 100 100
Wall -450 -100 100 100 2
Wall -450 -200 100 100 2
Wall -400 -250 100 100 2
Wall -400 -350 100 100 2
Wall -350 -350 100 100 2
Wall -300 -400 100 100 2
Wall -200 -400 100 100 2
Wall -100 -450 100 100 2
Wall -150 -450 100 100 2
Wall 0 -450 100 100 2
Wall 100 -450 100 100 2
Wall 150 -400 100 100 2
Wall 250 -400 100 100 2
Wall 250 -350 100 100 2
Wall 300 -300 100 100 2
Wall 350 -250 100 100 2
Wall 350 -200 100 100 2
Wall 400 -150 100 100 2
Wall 400 -50 100 100 2
Wall 400 0 100 100 2
Wall 400 100 100 100 2
Wall 350 150 100 100 2
Wall 350 250 100 100 2
Wall 300 250 100 100 2
Wall 250 300 100 100 2
Wall 150 350 100 100 2
Wall 150 400 100 100 2
Wall 0 400 100 100 2
Wall 50 400 100 100 2
Wall -150 400 100 100 2
Wall -100 400 100 100 2
Wall -200 350 100 100 2
Wall -250 350 100 100 2
Wall -300 300 100 100 2
Wall -350 250 100 100 2
Wall -400 200 100 100 2
Wall -450 100 100 100 2
Wall -450 0 100 100 2
Wall -50 200 100 100 2
Wall 50 200 100 100 2
Wall 50 300 100 100 2
Wall -150 150 100 100 2
Wall -200 100 100 100 2
Wall -250 50 100 100 2
Wall -250 0 100 100 2
Wall -250 -100 100 100 2
Wall -250 -150 100 100 2
Wall -200 -200 100 100 2
Wall -150 -250 100 100 2
Wall -50 -250 100 100 2
Wall 50 -250 100 100 2
Wall 100 -200 100 100 2
Wall 150 -150 100 100 2
Wall 150 -50 100 100 2
Wall 100 0 100 100 2
Wall 0 0 100 100 2
Wall -50 0 100 100 2
Wall 50 300 100 100 1
Wall 50 250 100 100 1
Wall 50 200 100 100 1
Wall -50 200 100 100 1
Wall -150 150 100 100 1
Wall -200 100 100 100 1
Wall -250 50 100 100 1
Wall -250 0 100 100 1
Wall -250 -50 100 100 1
Wall -250 -100 100 100 1
Wall -250 -150 100 100 1
Wall -200 -200 100 100 1
Wall -150 -250 100 100 1
Wall -50 -250 100 100 1
Wall -100 -250 100 100 1
Wall 50 -250 100 100 1
Wall 100 -200 100 100 1
Wall 150 -150 100 100 1
Wall 150 -50 100 100 1
Wall 100 0 100 100 1
Wall 0 0 100 100 1
Wall -50 0 100 100 1
Decoration 150 200 100 100 4
Decoration 250 0 100 100 4
Decoration 250 0 100 100 5
Decoration -50 -100 100 100 5
Decoration 50 -100 100 100 5
Decoration -350 -50 100 100 6
Decoration 0 -350 100 100 10
Decoration 250 150 100 100 16
Decoration 150 250 100 100 16
Decoration -150 250 100 100 16
Decoration -300 -250 100 100 16
Decoration 200 -250 100 100 15
Decoration -250 250 100 100 15
Decoration -300 150 100 100 15
Decoration 300 50 100 100 15
Decoration 250 -50 100 100 15
Decoration 100 150 100 100 15
Decoration -50 150 100 100 15
Size -450 -450 500 500
