Player 0 450 100 100 
Floor -500 -500 1010 1010 0.0 1
Wall -600 400 100 100 1 
Wall -600 500 100 100 1 
Wall -500 500 100 100 1 
Wall 400 500 100 100 1 
Wall 500 500 100 100 1 
Wall 500 400 100 100 1 
Wall -600 -500 100 100 1 
Wall -500 -600 100 100 1 
Wall -600 -600 100 100 1 
Wall 500 -500 100 100 1 
Wall 500 -600 100 100 1 
Wall 400 -600 100 100 1 
Wall -600 -400 100 880 1 
Wall 500 -400 100 880 1 
Wall -500 500 920 100 1 
Wall -450 -600 920 100 1 
Wall -600 500 100 100 2 
Wall 500 500 100 100 2 
Wall 400 500 100 100 2 
Wall 500 400 100 100 2 
Wall -500 500 100 100 2 
Wall -600 400 100 100 2 
Wall -400 500 100 100 2 
Wall -300 500 100 100 2 
Wall -200 500 100 100 2 
Wall -100 500 100 100 2 
Wall 0 500 100 100 2 
Wall 100 500 100 100 2 
Wall 200 500 100 100 2 
Wall 300 500 100 100 2 
Wall -600 300 100 100 2 
Wall -600 200 100 100 2 
Wall -600 100 100 100 2 
Wall -600 0 100 100 2 
Wall -600 -100 100 100 2 
Wall -600 -200 100 100 2 
Wall -600 -300 100 100 2 
Wall -600 -400 100 100 2 
Wall -600 -500 100 100 2 
Wall -600 -600 100 100 2 
Wall 400 -600 100 100 2 
Wall 500 -600 100 100 2 
Wall 500 -500 100 100 2 
Wall 500 -400 100 100 2 
Wall 500 -300 100 100 2 
Wall 500 -200 100 100 2 
Wall 500 -100 100 100 2 
Wall 500 0 100 100 2 
Wall 500 100 100 100 2 
Wall 500 200 100 100 2 
Wall 500 300 100 100 2 
Wall -500 -600 100 100 2 
Wall -400 -600 100 100 2 
Wall 300 -600 100 100 2 
Wall -300 -600 100 100 2 
Wall -200 -600 100 100 2 
Wall -100 -600 100 100 2 
Wall 0 -600 100 100 2 
Wall 100 -600 100 100 2 
Wall 200 -600 100 100 2 
Wall -500 300 100 100 2 
Wall -400 300 100 100 2 
Wall -300 300 100 100 2 
Wall -200 300 100 100 2 
Wall -100 300 100 100 2 
Wall 0 300 100 100 2 
Wall 100 300 100 100 2 
Wall 200 300 100 100 2 
Wall 400 0 100 100 2 
Wall 300 0 100 100 2 
Wall 200 0 100 100 2 
Wall 100 0 100 100 2 
Wall 0 0 100 100 2 
Wall -100 0 100 100 2 
Wall -200 0 100 100 2 
Wall -300 0 100 100 2 
Block -200 100 100 100 1 true
Block -200 200 100 100 1 true
Switch 0 100 100 100 1 false
Wall -500 -200 100 100 2 
Wall -400 -200 100 100 2 
Wall -300 -200 100 100 2 
Wall -200 -200 100 100 2 
Wall -100 -200 100 100 2 
Wall 0 -200 100 100 2 
Wall 100 -200 100 100 2 
Wall 200 -200 100 100 2 
Wall 400 -400 100 100 2 
Wall 300 -400 100 100 2 
Wall 200 -400 100 100 2 
Wall 100 -400 100 100 2 
Wall 0 -400 100 100 2 
Wall -100 -400 100 100 2 
Wall -200 -400 100 100 2 
Wall -300 -400 100 100 2 
Follow -450 500 100 100 
Block 300 300 100 100 2 true
Block 400 300 100 100 2 true
Switch 400 400 100 100 2 false
Switch 400 -100 100 100 3 false
Spike 300 -100 100 100 3 true false
Spike 200 -100 100 100 3 true false
Spike 300 -200 100 100 3 true false
Spike 400 -200 100 100 3 true false
Spike -300 -300 100 100 4 true false
Spike -400 -300 100 100 4 true false
Spike -400 -400 100 100 4 true false
Spike -500 -400 100 100 4 true false
Switch -500 -300 100 100 4 false
Exit 400 -500 100 100 
Block -400 0 100 100 5 true
Block -500 0 100 100 5 true
Switch -500 200 100 100 5 false
Decoration 100 400 100 100 1 
Decoration -300 200 100 100 1 
Decoration -100 -300 100 100 1 
Decoration -200 -500 100 100 1 
Decoration -400 -500 100 100 3 
Decoration 50 -300 100 100 3 
Decoration -200 -100 100 100 3 
Decoration -350 -100 100 100 3 
Decoration 300 200 100 100 3 
Decoration 350 150 100 100 3 
Decoration 0 250 100 100 3 
Decoration 250 450 100 100 3 
Decoration -450 400 100 100 3 
Decoration 100 200 100 100 5 
Decoration 300 100 100 100 5 
Decoration -150 -50 100 100 5 
Decoration 200 150 100 100 5 
Decoration 200 -300 100 100 5 
Decoration 400 -300 100 100 5 
Decoration 50 -500 100 100 5 
Decoration -450 -500 100 100 5 
Decoration 200 -500 100 100 5 
Decoration 100 -100 100 100 5 
Decoration -450 -100 100 100 5 
Decoration -350 150 100 100 5 
Decoration -450 100 100 100 5 
Decoration 400 200 100 100 4 
Decoration 250 400 100 100 4 
Decoration -200 400 100 100 4 
Decoration 100 -500 100 100 4 
Wall -300 0 100 100 1 
Wall 200 -200 100 100 1 
Wall -300 -400 100 100 1 
Wall -200 -400 760 100 1 
Wall -200 0 760 100 1 
Wall -550 -200 760 100 1 
Wall 200 300 100 100 1 
Wall -550 300 780 100 1 
Size -600 -600 600 600
