Player -350 0 100 100 
Floor -450 -400 880 880 0.0 1
Wall -450 -500 100 100 1 
Wall -550 -400 100 100 1 
Wall -550 -500 100 100 1 
Wall 350 -500 100 100 1 
Wall 450 -500 100 100 1 
Wall 450 -400 100 100 1 
Floor -450 -350 850 850 0.0 1
Floor -50 -400 500 500 0.0 1
Floor -50 0 500 500 0.0 1
Wall -550 400 100 100 1 
Wall -450 500 100 100 1 
Wall -550 500 100 100 1 
Wall 350 500 100 100 1 
Wall 450 400 100 100 1 
Wall 450 500 100 100 1 
Wall -550 -350 100 790 1 
Wall 450 -350 100 790 1 
Wall -450 -500 870 100 1 
Wall -450 500 870 100 1 
Wall -550 -500 100 100 2 
Wall -550 -400 100 100 2 
Wall -450 -500 100 100 2 
Wall -550 -300 100 100 2 
Wall -550 -200 100 100 2 
Wall -550 -100 100 100 2 
Wall -550 0 100 100 2 
Wall -550 100 100 100 2 
Wall -550 200 100 100 2 
Wall -550 300 100 100 2 
Wall -550 400 100 100 2 
Wall -550 500 100 100 2 
Wall -450 500 100 100 2 
Wall -350 500 100 100 2 
Wall -250 500 100 100 2 
Wall -150 500 100 100 2 
Wall -50 500 100 100 2 
Wall 50 500 100 100 2 
Wall 150 500 100 100 2 
Wall 250 500 100 100 2 
Wall 350 500 100 100 2 
Wall 450 500 100 100 2 
Wall 450 400 100 100 2 
Wall 450 300 100 100 2 
Wall 450 200 100 100 2 
Wall 450 100 100 100 2 
Wall 450 0 100 100 2 
Wall 450 -100 100 100 2 
Wall 450 -200 100 100 2 
Wall 450 -300 100 100 2 
Wall 450 -400 100 100 2 
Wall 450 -500 100 100 2 
Wall 350 -500 100 100 2 
Wall 250 -500 100 100 2 
Wall 150 -500 100 100 2 
Wall 50 -500 100 100 2 
Wall -50 -500 100 100 2 
Wall -150 -500 100 100 2 
Wall -250 -500 100 100 2 
Wall -350 -500 100 100 2 
Turret -450 -200 100 100 1 false 0
Turret -450 50 100 100 2 false 0
Turret 350 50 100 100 2 false 0
Turret 350 -200 100 100 1 false 0
Turret -350 -200 100 100 1 true 0
Turret -350 50 100 100 1 true 0
Turret 250 50 100 100 1 true 0
Turret 250 -200 100 100 1 true 0
Exit 350 -100 100 100 
Decoration -500 300 180 180 33 
Decoration 150 250 180 180 33 
Decoration -450 -450 180 180 33 
Decoration 0 -400 180 180 33 
Decoration 300 -450 180 180 33 
Decoration -450 200 100 100 21 
Decoration -400 250 100 100 22 
Decoration 200 450 100 100 22 
Decoration 300 300 100 100 22 
Decoration -200 350 100 100 22 
Decoration -200 -350 100 100 22 
Decoration -50 -300 100 100 21 
Decoration 300 -300 100 100 21 
Decoration 100 50 100 100 21 
Decoration -200 -100 100 100 21 
Decoration -250 200 100 100 21 
Decoration 350 200 120 120 14 
Decoration 350 300 120 120 14 
Decoration 350 300 120 120 14 
Decoration 50 350 120 120 14 
Decoration -50 400 120 120 14 
Decoration -300 400 120 120 14 
Decoration -200 0 120 120 14 
Decoration 0 0 120 120 14 
Decoration 0 150 120 120 14 
Decoration -150 150 120 120 14 
Decoration 200 -100 120 120 14 
Decoration -100 -200 120 120 14 
Decoration -250 -300 120 120 14 
Decoration -400 -300 120 120 14 
Decoration -100 -400 120 120 14 
Decoration 200 -400 120 120 14 
Decoration 300 -350 120 120 14 
Decoration 100 150 120 120 11 
Decoration 100 100 120 120 11 
Decoration -250 250 120 120 11 
Decoration -400 200 120 120 11 
Decoration -100 -200 120 120 11 
Decoration -200 -250 120 120 11 
Decoration 100 -250 120 120 11 
Decoration 50 -150 120 120 11 
Size -550 -500 550 600
