Player -350 0 100 100 
Floor -450 -200 340 340 0.0 1
Floor -150 -200 340 340 0.0 1
Floor 150 -200 340 340 0.0 1
Wall -550 -200 100 100 1 
Wall -550 -100 100 100 1 
Wall -550 0 100 100 1 
Wall -550 100 100 100 1 
Wall -450 -300 100 100 1 
Wall -550 -300 100 100 1 
Wall -350 -300 100 100 1 
Wall -250 -300 100 100 1 
Wall -150 -300 660 100 1 
Wall -519 140 1030 100 1 
Wall 490 -250 100 100 1 
Wall 490 -260 100 410 1 
Wall 492 -101 100 100 2 
Wall 494 -255 100 100 2 
Wall 493 -169 100 100 2 
Wall 495 -3 100 100 2 
Wall 492 50 100 100 2 
Wall 492 137 100 100 2 
Wall -550 -300 100 100 2 
Wall -550 -200 100 100 2 
Wall -550 -100 100 100 2 
Wall -550 0 100 100 2 
Wall -550 100 100 100 2 
Wall -450 -300 100 100 2 
Wall -350 -300 100 100 2 
Wall -250 -300 100 100 2 
Wall -150 -300 100 100 2 
Wall -50 -300 100 100 2 
Wall 50 -300 100 100 2 
Wall 150 -300 100 100 2 
Wall 250 -300 100 100 2 
Wall 350 -300 100 100 2 
Wall 450 -300 100 100 2 
Wall 500 -300 100 100 2 
Wall -514 144 100 100 2 
Wall -417 143 100 100 2 
Wall -316 146 100 100 2 
Wall -318 145 100 100 2 
Wall -216 147 100 100 2 
Wall -117 147 100 100 2 
Wall -17 147 100 100 2 
Wall 83 145 100 100 2 
Wall 183 147 100 100 2 
Wall 282 148 100 100 2 
Wall 381 146 100 100 2 
Wall 426 146 100 100 2 
Exit 390 -78 100 100 
Spike -250 -200 100 100 1 true false
Spike -250 -100 100 100 1 true false
Spike -250 0 100 100 1 true false
Spike -250 50 100 100 1 true false
Spike -50 -200 100 100 1 false false
Spike -50 -100 100 100 1 false false
Spike -50 0 100 100 1 false false
Spike -50 50 100 100 1 false false
Block -150 -200 100 100 2 true
Block -150 -100 100 100 2 true
Block -150 0 100 100 2 true
Block -150 50 100 100 2 true
Block 50 -200 100 100 2 false
Block 50 -100 100 100 2 false
Block 50 0 100 100 2 false
Block 50 50 100 100 2 false
Block 250 -200 100 100 2 true
Block 250 -100 100 100 2 true
Block 250 0 100 100 2 true
Block 250 50 100 100 2 true
Switch -350 -200 100 100 1 false
Switch -350 50 100 100 2 false
Switch 150 -200 100 100 2 false
Size -550 -300 600 248
