Floor -1000 -100 1910 310 0.0 1
Wall -600 -200 100 100 1
Wall -1000 -200 100 100 1
Wall -1100 -200 100 100 1
Wall -1100 -100 100 100 1
Wall -1100 200 100 100 1
Wall -1000 200 100 100 1
Wall -1100 100 100 100 1
Wall 800 -200 100 100 1
Wall 900 -200 100 100 1
Wall 900 -100 100 100 1
Wall 800 200 100 100 1
Wall 900 200 100 100 1
Wall -1100 -50 100 210 1
Wall -1000 -200 1960 100 1
Wall -1000 200 1960 100 1
Wall -1100 -200 100 100 2
Wall -1100 -100 100 100 2
Wall -1100 0 100 100 2
Wall -1100 100 100 100 2
Wall -1100 200 100 100 2
Wall -1000 200 100 100 2
Wall -1000 -200 100 100 2
Wall -900 -200 100 100 2
Wall -900 200 100 100 2
Wall -800 -200 100 100 2
Wall -700 -200 100 100 2
Wall -600 -200 100 100 2
Wall -500 -200 100 100 2
Wall 900 -200 100 100 2
Wall 900 -100 100 100 2
Wall 900 0 100 100 2
Wall 900 200 100 100 2
Wall 800 200 100 100 2
Wall 800 -200 100 100 2
Wall 700 -200 100 100 2
Wall 600 -200 100 100 2
Wall 500 -200 100 100 2
Wall 400 -200 100 100 2
Wall 300 -200 100 100 2
Wall 200 -200 100 100 2
Wall 100 -200 100 100 2
Wall -400 -200 100 100 2
Wall -300 -200 100 100 2
Wall -200 -200 100 100 2
Wall -100 -200 100 100 2
Wall 0 -200 100 100 2
Wall -800 200 100 100 2
Wall -700 200 100 100 2
Wall -600 200 100 100 2
Wall -500 200 100 100 2
Wall -400 200 100 100 2
Wall -300 200 100 100 2
Wall -200 200 100 100 2
Wall -100 200 100 100 2
Wall 0 200 100 100 2
Wall 100 200 100 100 2
Wall 200 200 100 100 2
Wall 300 200 100 100 2
Wall 400 200 100 100 2
Wall 500 200 100 100 2
Wall 600 200 100 100 2
Wall 700 200 100 100 2
Player 850 0 100 100 
Wall 700 0 100 100 2 
Wall 700 100 100 100 2 
Wall 500 0 100 100 2 
Wall 500 -100 100 100 2
Wall 300 0 100 100 2 
Wall 100 100 100 100 2 
Wall 100 0 100 100 2 
Switch 400 -100 100 100 1 false
Block 300 100 100 100 1 true
Block 200 100 100 100 1 true
Block 200 0 100 100 1 true
Bouncer 0 100 100 100 2 0.0
Wall -100 0 100 100 2 
Wall -200 0 100 100 2 
Wall -300 0 100 100 2 
Wall -300 100 100 100 2 
Exit -1000 0 100 100 
Spike 0 0 100 100 -1 true false
Switch -200 100 100 100 3 false
Spike -400 100 100 100 3 true false
Spike -400 0 100 100 3 true false
Spike -400 -100 100 100 3 true false
Spike -500 0 100 100 3 true false
Spike -500 -100 100 100 3 true false
Spike -500 100 100 100 3 true false
Spike -600 -100 100 100 3 true false
Spike -600 0 100 100 3 true false
Spike -600 100 100 100 3 true false
Floor 900 100 710 100 0.0 1
Wall 900 0 100 100 1 
Wall 1000 200 100 100 1 
Wall 1000 0 100 100 1 
Wall 1100 0 100 100 1 
Wall 1200 0 100 100 1 
Wall 1300 0 100 100 1 
Wall 1400 0 100 100 1 
Wall 1500 0 100 100 1 
Wall 1600 0 100 100 1 
Wall 1600 100 100 100 1 
Wall 1600 200 100 100 1 
Wall 1050 200 550 100 1 
Wall 1000 0 100 100 2 
Wall 1000 200 100 100 2 
Wall 1100 200 100 100 2 
Wall 1100 0 100 100 2 
Wall 1200 0 100 100 2 
Wall 1300 0 100 100 2 
Wall 1400 0 100 100 2 
Wall 1600 0 100 100 2 
Wall 1500 0 100 100 2 
Wall 1600 100 100 100 2 
Wall 1600 200 100 100 2 
Wall 1500 200 100 100 2 
Wall 1300 200 100 100 2 
Wall 1200 200 100 100 2 
Wall 1400 200 100 100 2 
Follow 1550 200 100 100 
Switch -100 -100 100 100 2 true
Block 300 -100 100 100 1 true
Wall -300 100 100 100 1 
Wall -300 0 100 100 1 
Wall -200 0 100 100 1 
Wall -100 0 100 100 1 
Wall 100 0 100 100 1 
Wall 100 100 100 100 1 
Wall 300 0 100 100 1 
Wall 500 0 100 100 1 
Wall 500 -100 100 100 1 
Wall 700 0 100 100 1 
Wall 700 100 100 100 1 
Spike -700 -100 100 100 4 false true
Spike -700 0 100 100 4 false true
Spike -700 100 100 100 4 false true
Spike -800 100 100 100 4 false true
Spike -800 0 100 100 4 false true
Spike -800 -100 100 100 4 false true
Switch -900 100 100 100 4 false
Size -1100 -200 1700 300
