Floor -450 -450 920 920 0.0 0
Floor 300 -150 300 300 0.0 1
Wall 450 -250 100 100 1 
Wall 550 -250 100 100 1 
Wall 600 -150 100 100 1 
Wall 600 -50 100 100 1 
Wall 600 50 100 100 1 
Wall 600 150 100 100 1 
Wall 500 150 100 100 1 
Wall 450 150 100 100 1 
Wall -547 -38 100 100 1 
Wall -50 -550 100 100 1 
Wall 0 -550 100 100 1 
Wall -45 467 100 100 1 
Wall 600 -250 100 100 1 
Wall 436 -188 40 40 1 
Wall 430 -204 40 40 1 
Wall 423 -222 40 40 1 
Wall 417 -238 40 40 1 
Wall 408 -250 40 40 1 
Wall 402 -262 40 40 1 
Wall 394 -275 40 40 1 
Wall 386 -291 40 40 1 
Wall 370 -310 40 40 1 
Wall 378 -304 40 40 1 
Wall 363 -323 40 40 1 
Wall 358 -330 40 40 1 
Wall 352 -339 40 40 1 
Wall 345 -347 40 40 1 
Wall 450 -200 40 40 1 
Wall 50 -450 40 40 1 
Wall 0 -500 100 100 1 
Wall -50 -500 100 100 1 
Wall -150 -500 100 100 1 
Wall -200 -500 100 100 1 
Wall -300 -450 100 100 1 
Wall -400 -400 100 100 1 
Wall -450 -350 100 100 1 
Wall -500 -250 100 100 1 
Wall -450 -300 100 100 1 
Wall -500 -200 100 100 1 
Wall -500 -150 100 100 1 
Wall -500 -100 100 100 1 
Wall -300 -400 100 100 1 
Wall -400 -350 100 100 1 
Wall -500 50 100 100 1 
Wall -500 150 100 100 1 
Wall -450 200 100 100 1 
Wall -400 250 100 100 1 
Wall -350 350 100 100 1 
Wall -300 350 100 100 1 
Wall -250 400 100 100 1 
Wall -200 400 100 100 1 
Wall -150 450 100 100 1 
Wall -50 450 100 100 1 
Wall 0 450 100 100 1 
Wall 100 450 100 100 1 
Wall 150 400 100 100 1 
Wall 250 350 100 100 1 
Wall 300 300 100 100 1 
Wall 350 250 100 100 1 
Wall 400 200 100 100 1 
Wall 400 150 100 100 1 
Wall 100 -500 100 100 1 
Wall 150 -500 100 100 1 
Wall 200 -450 100 100 1 
Wall 300 -400 100 100 1 
Wall 350 -350 100 100 1 
Wall 400 -300 100 100 1 
Wall -200 -500 100 100 2 
Wall -100 -500 100 100 2 
Wall -50 -500 100 100 2 
Wall 50 -500 100 100 2 
Wall 150 -500 100 100 2 
Wall -300 -450 100 100 2 
Wall -300 -400 100 100 2 
Wall -400 -400 100 100 2 
Wall -400 -350 100 100 2 
Wall -450 -350 100 100 2 
Wall -450 -300 100 100 2 
Wall -500 -250 100 100 2 
Wall -500 -150 100 100 2 
Wall -500 -100 100 100 2 
Wall -550 -50 100 100 2 
Wall -500 50 100 100 2 
Wall -500 100 100 100 2 
Wall -500 150 100 100 2 
Wall -450 200 100 100 2 
Wall -400 250 100 100 2 
Wall -350 350 100 100 2 
Wall -300 350 100 100 2 
Wall -250 400 100 100 2 
Wall -200 400 100 100 2 
Wall -150 450 100 100 2 
Wall -50 450 100 100 2 
Wall 0 450 100 100 2 
Wall 50 450 100 100 2 
Wall 100 450 100 100 2 
Wall 150 400 100 100 2 
Wall 250 350 100 100 2 
Wall 300 300 100 100 2 
Wall 350 250 100 100 2 
Wall 400 200 100 100 2 
Wall 400 150 100 100 2 
Wall 500 150 100 100 2 
Wall 600 150 100 100 2 
Wall 600 50 100 100 2 
Wall 600 0 100 100 2 
Wall 600 -50 100 100 2 
Wall 600 -150 100 100 2 
Wall 600 -200 100 100 2 
Wall 600 -250 100 100 2 
Wall 500 -250 100 100 2 
Wall 450 -250 100 100 2 
Wall 400 -250 100 100 2 
Wall 400 -300 100 100 2 
Wall 350 -350 100 100 2 
Wall 300 -400 100 100 2 
Wall 200 -450 100 100 2 
Player -350 50 100 100 
Exit 500 -50 100 100 
Spike -400 -150 100 100 1 true false
Spike -300 -150 100 100 1 true false
Spike -300 -50 100 100 1 true false
Spike -300 50 100 100 1 true false
Bouncer -300 -250 100 100 0 0.0
Bouncer -50 -250 100 100 0 -1.5707963267948966
Bouncer -50 -400 100 100 0 0.0
Switch 100 -400 100 100 3 false
Block 400 -150 100 100 3 true
Block 400 -50 100 100 3 true
Block 400 50 100 100 3 true
Switch 150 300 100 100 1 false
Switch 100 -50 100 100 2 false
Bouncer -300 150 100 100 0 0.0
Bouncer -50 150 100 100 0 0.0
Bouncer 100 150 100 100 0 -1.5707963267948966
Bouncer -200 -50 100 100 0 1.5707963267948966
Bouncer -200 -50 100 100 0 1.5707963267948966
Bouncer -200 50 100 100 0 1.5707963267948966
Decoration -200 -400 100 100 1 
Decoration 200 -200 100 100 3 
Decoration 0 0 100 100 3 
Decoration -150 200 100 100 3 
Decoration -350 -100 100 100 3 
Decoration 250 200 100 100 3 
Decoration 250 -300 100 100 6 
Decoration 250 200 100 100 29 
Decoration -150 -250 100 100 29 
Decoration 50 350 100 100 29 
Decoration 150 -250 100 100 31 
Decoration 300 -150 100 100 31 
Decoration 100 -150 100 100 31 
Decoration 300 0 100 100 33
Spike -400 50 100 100 1 true false
Spike -400 -50 100 100 2 false false
Bouncer -200 300 100 100 0 0.0
Bouncer 0 300 100 100 0 0.0
Size -550 -550 700 567
