Player 0 -400 100 100
Floor -500 -500 960 960 0.0 1
Floor 100 -300 760 760 0.0 1
Wall -600 -500 100 100 1
Wall -600 -450 100 940 1
Wall -500 450 100 100 1
Wall -550 450 1450 100 1
Wall 850 -300 100 100 1
Wall 850 -350 100 830 1
Wall 450 -400 100 100 1
Wall 450 -500 100 100 1
Wall 450 -400 410 100 1
Wall -550 -600 1080 100 1
Wall 450 -500 100 100 2
Wall 450 -400 100 100 2
Wall 500 -400 100 100 2
Wall 550 -400 100 100 2
Wall 650 -400 100 100 2
Wall 700 -400 100 100 2
Wall 750 -400 100 100 2
Wall 850 -350 100 100 2
Wall 850 -250 100 100 2
Wall 850 -150 100 100 2
Wall 850 -100 100 100 2
Wall 850 0 100 100 2
Wall 850 100 100 100 2
Wall 850 150 100 100 2
Wall 850 250 100 100 2
Wall 850 350 100 100 2
Wall 850 450 100 100 2
Wall 750 450 100 100 2
Wall 650 450 100 100 2
Wall 500 450 100 100 2
Wall 550 450 100 100 2
Wall 450 450 100 100 2
Wall 350 450 100 100 2
Wall 250 450 100 100 2
Wall 150 450 100 100 2
Wall 100 450 100 100 2
Wall 0 450 100 100 2
Wall -100 450 100 100 2
Wall -250 500 100 100 2
Wall -150 450 100 100 2
Wall -250 450 100 100 2
Wall -300 450 100 100 2
Wall -400 450 100 100 2
Wall -450 450 100 100 2
Wall -500 450 100 100 2
Wall -600 400 100 100 2
Wall -600 350 100 100 2
Wall -600 300 100 100 2
Wall -600 250 100 100 2
Wall -600 150 100 100 2
Wall -600 100 100 100 2
Wall -600 50 100 100 2
Wall -600 0 100 100 2
Wall -600 -100 100 100 2
Wall -600 -150 100 100 2
Wall -600 -250 100 100 2
Wall -600 -300 100 100 2
Wall -600 -450 100 100 2
Wall -600 -500 100 100 2
Wall -600 -350 100 100 2
Wall -550 -600 100 100 2
Wall -450 -600 100 100 2
Wall -350 -600 100 100 2
Wall -200 -600 100 100 2
Wall -300 -600 100 100 2
Wall 0 -600 100 100 2
Wall 150 -600 100 100 2
Wall -50 -600 100 100 2
Wall -100 -600 100 100 2
Wall 250 -600 100 100 2
Wall 300 -600 100 100 2
Wall 100 -600 100 100 2
Wall 450 -600 100 100 2
Wall 400 -600 100 100 2
Exit 750 350 100 100
Wall 750 250 100 100 2
Wall 650 250 100 100 2
Wall 550 250 100 100 2
Wall -200 -500 100 100 2
Wall -200 -400 100 100 2
Wall -400 -400 100 100 2
Wall -400 -300 100 100 2
Wall -400 -150 100 100 2
Wall -300 -100 100 100 2
Wall -400 -200 100 100 2
Wall -200 -100 100 100 2
Wall 0 -300 100 100 2
Wall 0 -200 100 100 2
Wall 0 -100 100 100 2
Wall -100 -100 100 100 2
Wall 100 -300 100 100 2
Wall 100 -400 100 100 2
Wall 200 -400 100 100 2
Wall 300 -400 100 100 2
Wall 350 -400 100 100 2
Wall -400 100 100 100 2
Wall -300 200 100 100 2
Wall -400 200 100 100 2
Wall -200 200 100 100 2
Wall -100 200 100 100 2
Wall -100 300 100 100 2
Wall -100 350 100 100 2
Wall 0 100 100 100 2
Wall 100 100 100 100 2
Wall 250 -50 100 100 2
Wall 200 50 100 100 2
Wall 250 -100 100 100 2
Wall 300 -200 100 100 2
Wall 400 -200 100 100 2
Wall 500 -200 100 100 2
Wall 600 -200 100 100 2
Wall 650 -200 100 100 2
Wall 650 -100 100 100 2
Wall 450 0 100 100 2
Wall 450 100 100 100 2
Wall 500 200 100 100 2
Wall 350 200 100 100 2
Wall 450 200 100 100 2
Wall 100 200 100 100 2
Wall 100 300 100 100 2
Wall -100 100 100 100 2
Wall -200 -500 100 220 1
Wall -400 -400 100 380 1
Wall -400 100 100 210 1
Wall -100 100 100 370 1
Wall 100 100 100 310 1
Wall 450 0 100 310 1
Wall 650 -200 100 200 1
Wall 350 -400 100 100 1
Wall 300 -400 100 100 1
Wall 200 -400 100 100 1
Wall 100 -400 100 100 1
Wall 100 -300 100 100 1
Wall 0 -300 100 100 1
Wall 0 -200 100 100 1
Wall 0 -100 100 100 1
Wall -100 -100 100 100 1
Wall -200 -100 100 100 1
Wall -300 -100 100 100 1
Wall -200 200 100 100 1
Wall -300 200 100 100 1
Wall 0 100 100 100 1
Wall 200 50 100 100 1
Wall 250 -50 100 100 1
Wall 250 -100 100 100 1
Wall 350 -200 100 100 1
Wall 300 -200 100 100 1
Wall 400 -200 100 100 1
Wall 500 -200 100 100 1
Wall 550 -200 100 100 1
Wall 350 200 100 100 1
Wall 500 200 100 100 1
Wall 550 250 100 100 1
Wall 750 250 100 100 1
Wall 650 250 100 100 1
Decoration 0 200 100 100 -1
Decoration -200 -200 100 100 -1
Decoration 100 -200 100 100 3
Decoration 350 50 100 100 4
Decoration 200 250 100 100 4
Decoration 50 350 100 100 4
Decoration -350 300 100 100 4
Decoration -300 -250 100 100 4
Decoration -500 150 100 100 5
Decoration -500 -250 100 100 5
Decoration -500 -450 100 100 5
Decoration -200 100 100 100 6
Decoration -300 100 100 100 10
Decoration 700 150 100 100 12
Decoration 550 100 100 100 28
Decoration 750 150 100 100 28
Decoration 400 300 100 100 30
Decoration 750 -300 100 100 30
Decoration 600 -300 100 100 4
Decoration 550 -100 100 100 4
Decoration 650 50 100 100 4
Decoration 350 350 100 100 4
Size -600 -600 950 600
