Player 0 550 100 100 
Floor -250 -100 480 770 0.0 1
Floor -250 -900 480 810 0.0 1
Floor -700 -300 450 450 0.0 1
Wall -350 -400 100 100 1 
Wall -350 -500 100 100 1 
Wall -450 -400 100 100 1 
Wall -700 -400 100 100 1 
Wall -800 -300 100 100 1 
Wall -800 -400 100 100 1 
Wall -800 50 100 100 1 
Wall -700 150 100 100 1 
Wall -700 150 100 100 1 
Wall -800 150 100 100 1 
Wall -350 150 100 100 1 
Wall -350 550 100 100 1 
Wall -350 550 100 100 1 
Wall -350 650 100 100 1 
Wall -350 650 100 100 1 
Wall -250 650 100 100 1 
Wall 100 650 100 100 1 
Wall 200 650 100 100 1 
Wall 200 550 100 100 1 
Wall -350 -900 100 100 1 
Wall -250 -1000 100 100 1 
Wall -350 -1000 100 100 1 
Wall 200 -900 100 100 1 
Wall 200 -1000 100 100 1 
Wall 100 -1000 100 100 1 
Wall -200 -1000 340 100 1 
Wall -700 -400 340 100 1 
Wall -350 -850 100 390 1 
Wall -800 -250 100 390 1 
Wall -600 150 270 100 1 
Wall -350 200 100 430 1 
Wall -350 200 100 430 1 
Wall -200 650 400 100 1 
Wall 200 -850 100 1580 1 
Wall 200 -850 100 1580 1 
Wall -350 -400 100 100 2 
Wall -350 -500 100 100 2 
Wall -450 -400 100 100 2 
Wall -700 -400 100 100 2 
Wall -800 -400 100 100 2 
Wall -800 -300 100 100 2 
Wall -800 50 100 100 2 
Wall -800 150 100 100 2 
Wall -700 150 100 100 2 
Wall -800 -200 100 100 2 
Wall -800 -100 100 100 2 
Wall -350 150 100 100 2 
Wall -800 0 100 100 2 
Wall -450 150 100 100 2 
Wall -600 150 100 100 2 
Wall -550 150 100 100 2 
Wall -600 -400 100 100 2 
Wall -550 -400 100 100 2 
Wall -350 250 100 100 2 
Wall -350 350 100 100 2 
Wall -350 450 100 100 2 
Wall -350 550 100 100 2 
Wall -350 650 100 100 2 
Wall -250 650 100 100 2 
Wall -150 650 100 100 2 
Wall -50 650 100 100 2 
Wall 50 650 100 100 2 
Wall 150 650 100 100 2 
Wall 200 650 100 100 2 
Wall 200 550 100 100 2 
Wall 200 450 100 100 2 
Wall 200 350 100 100 2 
Wall 200 250 100 100 2 
Wall 200 150 100 100 2 
Wall 200 50 100 100 2 
Wall 200 -50 100 100 2 
Wall 200 -150 100 100 2 
Wall 200 -250 100 100 2 
Wall 200 -350 100 100 2 
Wall 200 -450 100 100 2 
Wall 200 -550 100 100 2 
Wall 200 -650 100 100 2 
Wall -350 -600 100 100 2 
Wall -350 -700 100 100 2 
Wall -350 -800 100 100 2 
Wall -350 -900 100 100 2 
Wall -350 -1000 100 100 2 
Wall 200 -750 100 100 2 
Wall 200 -850 100 100 2 
Wall 200 -900 100 100 2 
Wall 200 -800 100 100 2 
Wall -250 -1000 100 100 2 
Wall 100 -1000 100 100 2 
Wall 200 -1000 100 100 2 
Wall -150 -1000 100 100 2 
Wall 0 -1000 100 100 2 
Wall -50 -1000 100 100 2 
Block -350 -300 100 100 1 true
Block -350 -200 100 100 1 true
Block -350 50 100 100 1 true
Block -350 -50 100 100 1 true
Block -350 -100 100 100 1 true
Exit -700 -150 100 100 
Spike -450 -300 100 100 2 true false
Spike -550 -300 100 100 2 true false
Spike -550 -200 100 100 2 true false
Spike -450 -200 100 100 2 true false
Spike -450 -100 100 100 2 true false
Spike -550 -100 100 100 2 true false
Spike -550 0 100 100 2 true false
Spike -450 0 100 100 2 true false
Spike -450 50 100 100 2 true false
Wall 0 -800 100 100 2 
Wall 0 -700 100 100 2
Wall 0 -500 100 100 2 
Wall 0 -400 100 100 2
Wall 0 -200 100 100 2 
Wall 0 -100 100 100 2
Wall 0 150 100 100 2
Wall 0 250 100 100 2 
Switch 0 -900 100 100 1 false
Spike -550 50 100 100 2 true false
Switch -650 50 100 100 2 false
Decoration -100 500 100 100 1 
Turret -250 -900 100 100 3 false 1
Turret -250 -800 100 1490 3 true 1
Switch 100 250 100 100 3 false
Turret 100 -900 100 100 4 false 1
Turret 100 -950 100 1880 4 true 1
Switch -250 -100 100 100 4 false
Turret -250 50 100 100 5 false 0
Turret -150 50 360 100 5 true 0
Switch -100 0 100 100 5 false
Turret 100 -300 100 100 6 false 2
Turret -700 -300 800 100 6 true 2
Turret -250 -600 100 100 7 false 0
Turret -150 -600 360 100 7 true 0
Switch -200 -400 100 100 6 false
Switch -200 -750 100 100 7 false
Wall 0 -100 100 100 1 
Wall 0 -200 100 100 1
Wall 0 150 100 100 1 
Wall 0 250 100 100 1
Wall 0 -500 100 100 1
Wall 0 -400 100 100 1 
Decoration -150 350 100 100 4 
Decoration 50 450 100 100 4 
Decoration -200 200 100 100 4 
Decoration -200 500 100 100 4 
Decoration -200 -250 100 100 4 
Decoration -650 -50 100 100 4 
Decoration -650 -250 100 100 4 
Decoration -50 -600 100 100 4 
Decoration -150 -900 100 100 4 
Decoration 100 -450 100 100 4 
Decoration 100 -450 100 100 5 
Decoration -150 -300 100 100 5 
Decoration -100 -600 100 100 5 
Decoration -250 350 100 100 5 
Decoration 50 500 100 100 5 
Decoration -250 550 100 100 5 
Decoration -250 200 100 100 5 
Decoration 100 0 100 100 5 
Decoration 0 50 100 100 5 
Wall 0 -700 100 100 1 
Wall 0 -800 100 100 1 
Follow 150 -350 100 100
Size -800 -1000 300 930
