Player 250 0 100 100
Floor -400 -400 800 800 0.0 1
Wall -400 -450 100 100 1
Wall -500 -450 910 100 1
Wall 400 -450 100 890 1
Wall -500 400 1050 100 1
Wall -500 -350 100 840 1
Wall -450 -450 100 100 2
Wall -350 -450 100 100 2
Wall -250 -450 100 100 2
Wall -150 -450 100 100 2
Wall -50 -450 100 100 2
Wall 0 -450 100 100 2
Wall 100 -450 100 100 2
Wall 200 -450 100 100 2
Wall 300 -450 100 100 2
Wall 400 -450 100 100 2
Wall 400 -350 100 100 2
Wall 400 -250 100 100 2
Wall 400 -150 100 100 2
Wall 400 -50 100 100 2
Wall 400 0 100 100 2
Wall 400 100 100 100 2
Wall 400 200 100 100 2
Wall 400 300 100 100 2
Wall 400 400 100 100 2
Wall 300 400 100 100 2
Wall 200 400 100 100 2
Wall 100 400 100 100 2
Wall 0 400 100 100 2
Wall -100 400 100 100 2
Wall -200 400 100 100 2
Wall -300 400 100 100 2
Wall -400 400 100 100 2
Wall -500 400 100 100 2
Wall -500 300 100 100 2
Wall -500 200 100 100 2
Wall -500 150 100 100 2
Wall -500 50 100 100 2
Wall -500 -50 100 100 2
Wall -500 -150 100 100 2
Wall -500 -250 100 100 2
Wall -500 -350 100 100 2
Wall -500 -450 100 100 2
Wall 100 -50 100 100 2
Wall 100 50 100 100 2
Wall 100 200 100 100 2
Wall 100 150 100 100 2
Wall 100 300 100 100 2
Wall 100 -250 100 100 2
Wall 100 -350 100 100 2
Wall -100 -350 100 100 2
Wall -100 -250 100 100 2
Wall -100 -150 100 100 2
Wall -100 -50 100 100 2
Wall -100 50 100 100 2
Wall -100 150 100 100 2
Wall -300 300 100 100 2
Wall -300 250 100 100 2
Wall -300 150 100 100 2
Wall -300 50 100 100 2
Wall -300 -50 100 100 2
Wall -300 -100 100 100 2
Wall -300 -200 100 100 2
Wall -300 -250 100 100 2
Wall -300 -250 100 650 1
Wall -100 -400 100 650 1
Wall 100 -50 100 550 1
Wall 100 -450 100 310 1
Exit -400 300 100 100
Decoration -400 -350 100 100 3
Decoration -200 -350 100 100 4
Decoration -200 -150 100 100 4
Decoration 300 -150 100 100 4
Decoration 200 -250 100 100 4
Decoration 300 150 100 100 4
Decoration 200 250 100 100 4
Decoration 200 250 100 100 5
Decoration 200 0 100 100 5
Decoration 0 300 100 100 7
Decoration -400 100 100 100 11
Decoration -400 -100 100 100 11
Size -500 -450 550 500
