Player 0 -400 100 100 
Floor -100 -550 370 370 0.0 1
Floor -100 -200 370 600 0.0 1
Wall -100 -650 100 100 1 
Wall -200 -650 100 100 1 
Wall -200 -550 100 100 1 
Wall 200 -650 100 100 1 
Wall 300 -650 100 100 1 
Wall 300 -550 100 100 1 
Floor -100 -550 400 600 0.0 1
Floor -100 -200 400 600 0.0 1
Wall -200 -450 100 100 1 
Wall -100 400 100 100 1 
Wall -200 300 100 100 1 
Wall 200 400 100 100 1 
Wall 300 300 100 100 1 
Wall 300 400 100 100 1 
Wall -200 400 100 100 1 
Wall 0 -650 220 100 1 
Wall 0 400 220 100 1 
Wall -200 -400 100 730 1 
Wall 300 -450 100 820 1 
Block 100 -550 100 100 1 true
Block 100 -450 100 100 1 true
Block 200 -450 100 100 1 true
Exit 200 -550 100 100 
Spike 200 -350 100 100 -1 true false
Spike 100 -350 100 100 -1 true false
Spike 0 -350 100 100 -1 true false
Spike -100 -350 100 100 -1 true false
Bouncer -100 -250 100 100 -1 0.0
Bouncer 100 -250 100 100 -1 0.0
Bouncer 200 -250 100 100 -1 1.5707963267948966
Wall 300 -250 100 100 2 
Wall 300 -150 100 100 2 
Wall 300 -50 100 100 2 
Wall 300 50 100 100 2 
Wall 300 150 100 100 2 
Bouncer 200 -50 100 100 -1 3.141592653589793
Bouncer 0 -50 100 100 -1 3.141592653589793
Bouncer -100 -50 100 100 -1 1.5707963267948966
Bouncer -100 150 100 100 -1 0.0
Bouncer 100 150 100 100 -1 0.0
Bouncer 200 150 100 100 -1 1.5707963267948966
Switch 200 300 100 100 1 false
Wall 300 250 100 100 2 
Wall 300 300 100 100 2 
Wall 300 400 100 100 2 
Wall 200 400 100 100 2 
Wall 100 400 100 100 2 
Wall 0 400 100 100 2 
Wall -100 400 100 100 2 
Wall -200 400 100 100 2 
Wall -200 300 100 100 2 
Wall -200 200 100 100 2 
Wall -200 100 100 100 2 
Wall -200 0 100 100 2 
Wall -200 -100 100 100 2 
Wall -200 -200 100 100 2 
Wall -200 -300 100 100 2 
Wall -200 -400 100 100 2 
Wall -200 -500 100 100 2 
Wall -200 -600 100 100 2 
Wall -200 -650 100 100 2 
Wall -100 -650 100 100 2 
Wall 0 -650 100 100 2 
Wall 100 -650 100 100 2 
Wall 200 -650 100 100 2 
Wall 300 -650 100 100 2 
Wall 300 -550 100 100 2 
Wall 300 -450 100 100 2 
Wall 300 -350 100 100 2 
Decoration -100 -550 100 100 1 
Decoration 100 300 100 100 3 
Decoration -100 -50 100 100 3 
Decoration 50 -200 100 100 4 
Decoration 150 50 100 100 4 
Decoration 0 250 100 100 4 
Decoration -100 300 100 100 4 
Decoration -100 300 100 100 5 
Decoration -50 50 100 100 5 
Decoration 0 50 100 100 4 
Decoration -50 -150 100 100 3 
Decoration 0 -150 100 100 5 
Decoration -50 200 180 180 32 
Decoration 150 -200 180 180 26 
Decoration 100 -150 180 180 26 
Size -200 -650 400 500
