Floor -450 -500 1000 1000 0.0 0
Wall -548 -56 100 100 1 
Wall 546 -49 100 100 1 
Wall 1 -593 100 100 1 
Wall 6 495 100 100 1 
Wall -492 43 50 50 1 
Wall -490 -101 50 50 1 
Wall -51 -540 50 50 1 
Wall -41 -541 50 50 1 
Wall -481 -146 50 50 1 
Wall -470 -198 50 50 1 
Wall -456 -247 50 50 1 
Wall -444 -271 50 50 1 
Wall -427 -305 50 50 1 
Wall -411 -328 50 50 1 
Wall -396 -351 50 50 1 
Wall -378 -379 50 50 1 
Wall -353 -397 50 50 1 
Wall -328 -424 50 50 1 
Wall -307 -439 50 50 1 
Wall -283 -454 50 50 1 
Wall -253 -477 50 50 1 
Wall -226 -494 50 50 1 
Wall -192 -505 50 50 1 
Wall -159 -518 50 50 1 
Wall -130 -529 50 50 1 
Wall -97 -538 50 50 1 
Wall 96 -541 50 50 1 
Wall 144 -530 50 50 1 
Wall 194 -517 50 50 1 
Wall 239 -494 50 50 1 
Wall 289 -477 50 50 1 
Wall 327 -461 50 50 1 
Wall 365 -434 50 50 1 
Wall 381 -420 50 50 1 
Wall 409 -393 50 50 1 
Wall 436 -360 50 50 1 
Wall 449 -330 50 50 1 
Wall 476 -302 50 50 1 
Wall 495 -266 50 50 1 
Wall 510 -237 50 50 1 
Wall 520 -202 50 50 1 
Wall 529 -160 50 50 1 
Wall 540 -122 50 50 1 
Wall 543 -94 50 50 1 
Wall 541 45 50 50 1 
Wall 539 84 50 50 1 
Wall 525 127 50 50 1 
Wall 509 172 50 50 1 
Wall 488 217 50 50 1 
Wall 466 264 50 50 1 
Wall 442 301 50 50 1 
Wall 408 346 50 50 1 
Wall 425 330 50 50 1 
Wall 386 362 50 50 1 
Wall 339 402 50 50 1 
Wall 360 385 50 50 1 
Wall 315 423 50 50 1 
Wall 285 436 50 50 1 
Wall 261 457 50 50 1 
Wall 220 462 50 50 1 
Wall 184 477 50 50 1 
Wall 151 482 50 50 1 
Wall 105 491 50 50 1 
Wall -40 490 50 50 1 
Wall -93 479 50 50 1 
Wall -83 483 50 50 1 
Wall -138 468 50 50 1 
Wall -187 448 50 50 1 
Wall -235 422 50 50 1 
Wall -284 399 50 50 1 
Wall -325 369 50 50 1 
Wall -304 384 50 50 1 
Wall -352 351 50 50 1 
Wall -371 332 50 50 1 
Wall -387 316 50 50 1 
Wall -407 283 50 50 1 
Wall -417 259 50 50 1 
Wall -437 224 50 50 1 
Wall -453 192 50 50 1 
Wall -461 176 50 50 1 
Wall -471 155 50 50 1 
Wall -485 112 50 50 1 
Wall -488 93 50 50 1 
Wall -477 142 50 50 1 
Wall -395 300 50 50 1 
Wall 344 -449 50 50 1 
Wall 397 -409 50 50 1 
Wall -542 -60 100 100 2 
Wall -1 -597 100 100 2 
Wall 545 -51 100 100 2 
Wall 0 489 100 100 2 
Wall -532 6 100 100 2 
Wall -530 -126 100 100 2 
Wall -98 -577 100 100 2 
Wall -196 -565 100 100 2 
Wall -254 -548 100 100 2 
Wall -308 -507 100 100 2 
Wall -523 -196 100 100 2 
Wall -502 -260 100 100 2 
Wall -479 -321 100 100 2 
Wall -435 -384 100 100 2 
Wall -395 -438 100 100 2 
Wall -349 -467 100 100 2 
Wall 99 -576 100 100 2 
Wall 199 -555 100 100 2 
Wall 292 -523 100 100 2 
Wall 337 -488 100 100 2 
Wall 388 -437 100 100 2 
Wall 433 -396 100 100 2 
Wall 465 -358 100 100 2 
Wall 485 -311 100 100 2 
Wall 518 -258 100 100 2 
Wall 532 -205 100 100 2 
Wall 548 -149 100 100 2 
Wall 540 60 100 100 2 
Wall 545 9 100 100 2 
Wall 509 133 100 100 2 
Wall 471 206 100 100 2 
Wall 407 269 100 100 2 
Wall 378 329 100 100 2 
Wall 333 373 100 100 2 
Wall 97 464 100 100 2 
Wall 189 440 100 100 2 
Wall 270 396 100 100 2 
Wall -85 454 100 100 2 
Wall -174 428 100 100 2 
Wall -258 392 100 100 2 
Wall -340 344 100 100 2 
Wall -404 298 100 100 2 
Wall -445 238 100 100 2 
Wall -479 176 100 100 2 
Wall -508 113 100 100 2 
Wall -532 48 100 100 2 
Player 58 -347 100 100 
Exit 8 226 100 100 
Floor -403 -325 100 100 0.0 0
Floor -377 -385 100 100 0.0 0
Floor -234 -499 100 100 0.0 0
Floor 228 -489 100 100 0.0 0
Floor 282 -462 100 100 0.0 0
Floor 361 -415 100 100 0.0 0
Floor 408 -328 100 100 0.0 0
Floor 469 -264 100 100 0.0 0
Floor 511 69 100 100 0.0 0
Floor 504 -142 100 100 0.0 0
Bouncer 250 -250 100 100 0 0.0
Block -250 150 100 100 0 true
Decoration -300 -200 100 100 1 
Switch 350 -100 100 100 0 false
Switch 250 150 100 100 0 true
Turret 50 -100 100 100 0 false 0
Turret 150 -100 100 100 0 true 0
Turret 50 0 100 100 0 true 1
Turret -50 -100 100 100 0 true 2
Turret 50 -200 100 100 0 true 3
Turret 50 -300 100 100 1 true 3
Spike -350 0 100 100 0 false false
Spike -200 -300 100 100 0 false true
Floor 450 150 100 100 0.0 0
Size -548 -597 648 595
