Player 0 0 100 100 
Floor -250 -250 470 470 0.0 1
Floor 200 -250 470 470 0.0 1
Floor -700 -250 470 470 0.0 1
Wall -700 -350 100 100 1 
Wall -800 -250 100 100 1 
Wall -700 200 100 100 1 
Wall 650 -250 100 100 1 
Wall -600 200 1300 100 1 
Wall -800 -200 100 450 1 
Wall 650 -250 100 450 1 
Wall -800 -350 100 100 1 
Wall -700 -350 1400 100 1 
Wall -750 -350 100 100 2 
Wall -800 -350 100 100 2 
Wall -800 -250 100 100 2 
Wall -800 -150 100 100 2 
Wall -800 -50 100 100 2 
Wall -800 50 100 100 2 
Wall -800 150 100 100 2 
Wall -800 200 100 100 2 
Wall -700 200 100 100 2 
Wall -600 200 100 100 2 
Wall -500 200 100 100 2 
Wall -400 200 100 100 2 
Wall -300 200 100 100 2 
Wall -200 200 100 100 2 
Wall -100 200 100 100 2 
Wall 0 200 100 100 2 
Wall 100 200 100 100 2 
Wall 200 200 100 100 2 
Wall 300 200 100 100 2 
Wall 400 200 100 100 2 
Wall 550 200 100 100 2 
Wall 500 200 100 100 2 
Wall 650 200 100 100 2 
Wall 650 50 100 100 2 
Wall 650 -50 100 100 2 
Wall 650 -150 100 100 2 
Wall 650 -250 100 100 2 
Wall 650 100 100 100 2 
Wall 650 -350 100 100 2 
Wall -650 -350 100 100 2 
Wall -550 -350 100 100 2 
Wall -450 -350 100 100 2 
Wall -350 -350 100 100 2 
Wall -250 -350 100 100 2 
Wall -150 -350 100 100 2 
Wall -50 -350 100 100 2 
Wall 50 -350 100 100 2 
Wall 150 -350 100 100 2 
Wall 250 -350 100 100 2 
Wall 350 -350 100 100 2 
Wall 450 -350 100 100 2 
Wall 550 -350 100 100 2 
Block -150 -250 100 100 1 true
Block -150 -150 100 100 1 true
Block -150 -50 100 100 1 true
Block -150 50 100 100 1 true
Block -150 100 100 100 1 true
Block -350 -250 100 100 1 false
Block -350 -150 100 100 1 false
Block -350 -50 100 100 1 false
Block -350 50 100 100 1 false
Block -350 100 100 100 1 false
Block -550 -250 100 100 1 true
Block -550 -150 100 100 1 true
Block -550 -50 100 100 1 true
Block -550 0 100 100 1 true
Block -550 100 100 100 1 true
Switch -50 -250 100 100 1 false
Switch -250 100 100 100 1 false
Switch -700 -50 100 100 2 false
Block 150 -250 100 100 2 true
Block 150 -150 100 100 2 true
Block 150 -50 100 100 2 true
Block 150 50 100 100 2 true
Block 150 100 100 100 2 true
Block 350 -250 100 100 2 false
Block 350 -150 100 100 2 false
Block 350 -50 100 100 2 false
Block 350 50 100 100 2 false
Block 350 100 100 100 2 false
Exit 550 -100 100 100 
Switch -700 100 100 100 1 false
Switch 250 100 100 100 2 false
Size -800 -350 750 300
