Player 0 -400 100 100 
Floor -150 -450 300 570 0.0 1
Floor -150 -500 300 570 0.0 1
Floor -350 -200 700 670 0.0 1
Wall -250 -300 100 100 1 
Wall -150 -600 100 100 1 
Wall -250 -600 100 100 1 
Wall -250 -500 100 100 1 
Wall -50 -600 100 100 1 
Wall 50 -600 100 100 1 
Wall 150 -600 100 100 1 
Wall 150 -500 100 100 1 
Wall 150 -400 100 100 1 
Wall -250 -400 100 100 1 
Wall -350 -300 100 100 1 
Wall -450 -300 100 100 1 
Wall -450 400 100 100 1 
Wall -350 450 100 100 1 
Wall -450 450 100 100 1 
Wall 250 450 100 100 1 
Wall 350 450 100 100 1 
Wall 350 350 100 100 1 
Wall 150 -300 100 100 1 
Wall 250 -300 100 100 1 
Wall 350 -300 100 100 1 
Wall 350 -300 100 700 1 
Wall -450 -300 100 700 1 
Wall -300 450 600 100 1 
Wall -250 -600 100 100 2 
Wall 150 -600 100 100 2 
Wall 50 -600 100 100 2 
Wall -150 -600 100 100 2 
Wall -50 -600 100 100 2 
Wall -250 -500 100 100 2 
Wall -250 -300 100 100 2 
Wall -250 -400 100 100 2 
Wall -350 -300 100 100 2 
Wall -450 -300 100 100 2 
Wall 150 -300 100 100 2 
Wall 150 -400 100 100 2 
Wall 150 -500 100 100 2 
Wall 250 -300 100 100 2 
Wall 350 -300 100 100 2 
Wall 350 -200 100 100 2 
Wall 350 -100 100 100 2 
Wall 350 0 100 100 2 
Wall 350 100 100 100 2 
Wall 350 200 100 100 2 
Wall 350 300 100 100 2 
Wall 350 350 100 100 2 
Wall 350 450 100 100 2 
Wall 250 450 100 100 2 
Wall -350 450 100 100 2 
Wall -450 450 100 100 2 
Wall -450 350 100 100 2 
Wall -450 200 100 100 2 
Wall -450 200 100 100 2 
Wall -450 250 100 100 2 
Wall -450 100 100 100 2 
Wall -450 0 100 100 2 
Wall -450 -100 100 100 2 
Wall -450 -200 100 100 2 
Wall -250 450 100 100 2 
Wall -150 450 100 100 2 
Wall -50 450 100 100 2 
Wall 50 450 100 100 2 
Wall 150 450 100 100 2 
Exit -50 350 100 100 
Block -150 350 100 100 1 true
Block -150 250 100 100 1 true
Block -50 250 100 100 1 true
Block 50 250 100 100 1 true
Block 50 350 100 100 1 true
Spike -150 -300 100 100 1 true false
Spike -50 -300 100 100 1 true false
Spike 50 -300 100 100 1 true false
Spike 250 250 100 100 -1 true false
Spike 150 250 100 100 -1 true false
Spike 150 350 100 100 -1 true false
Switch 250 350 100 100 1 false
Bouncer 50 -150 100 100 0 3.141592653589793
Bouncer -150 50 100 100 0 0.0
Bouncer 250 50 100 100 0 1.5707963267948966
Decoration -250 350 100 100 7 
Decoration -350 350 100 100 8 
Decoration -250 -50 100 100 4 
Decoration -300 100 100 100 4 
Decoration 100 50 100 100 4 
Decoration 250 -200 100 100 4 
Decoration -100 -150 100 100 4 
Decoration -250 -200 100 100 4 
Decoration -350 -50 100 100 4 
Decoration -50 150 100 100 4 
Decoration 50 100 100 100 4 
Decoration 200 150 100 100 4 
Decoration 0 -50 100 100 3 
Decoration 250 -100 100 100 3 
Decoration 150 100 100 100 3 
Decoration -250 250 100 100 3 
Decoration -350 250 100 100 3 
Decoration -350 100 100 100 3 
Decoration -350 250 100 100 5 
Decoration -300 150 100 100 5 
Decoration -300 0 100 100 5 
Decoration -300 -200 100 100 5 
Decoration -100 -200 100 100 5 
Decoration 150 -200 100 100 5 
Decoration 100 -50 100 100 5 
Bouncer -150 -150 100 100 0 1.5707963267948966
Bouncer 50 50 100 100 0 0.0
Size -450 -600 450 550
