Player 0 50 100 100 
Floor -300 -350 690 690 0.0 1
Wall -300 -450 100 100 1 
Wall -400 -450 100 100 1 
Wall -400 -350 100 100 1 
Wall 300 -450 100 100 1 
Wall 400 -450 100 100 1 
Wall 400 -350 100 100 1 
Wall -400 250 100 100 1 
Wall -400 350 100 100 1 
Wall -300 350 100 100 1 
Wall 400 250 100 100 1 
Wall 400 350 100 100 1 
Wall 300 350 100 100 1 
Floor -300 -350 700 700 0.0 1
Floor -300 -350 700 700 0.0 1
Wall -250 -450 590 100 1 
Wall -250 350 590 100 1 
Wall -400 -300 100 660 1 
Wall 400 -350 100 660 1 
Wall -400 -450 100 100 2 
Wall -400 -350 100 100 2 
Wall -400 -250 100 100 2 
Wall -400 -150 100 100 2 
Wall -400 -50 100 100 2 
Wall -400 50 100 100 2 
Wall -400 150 100 100 2 
Wall -400 300 100 100 2 
Wall -400 250 100 100 2 
Wall -400 350 100 100 2 
Wall -300 350 100 100 2 
Wall -200 350 100 100 2 
Wall -100 350 100 100 2 
Wall 0 350 100 100 2 
Wall 100 350 100 100 2 
Wall 200 350 100 100 2 
Wall 300 350 100 100 2 
Wall 400 350 100 100 2 
Wall 400 250 100 100 2 
Wall 400 150 100 100 2 
Wall 400 50 100 100 2 
Wall 400 -50 100 100 2 
Wall 400 -150 100 100 2 
Wall 400 -250 100 100 2 
Wall 400 -350 100 100 2 
Wall 400 -450 100 100 2 
Wall 300 -450 100 100 2 
Wall 200 -450 100 100 2 
Wall 100 -450 100 100 2 
Wall 0 -450 100 100 2 
Wall -100 -450 100 100 2 
Wall -200 -450 100 100 2 
Wall -300 -450 100 100 2 
Spike -50 -100 100 100 1 true false
Spike 50 -100 100 100 1 true false
Spike 50 0 100 100 1 true false
Spike -50 100 100 100 1 true false
Spike 50 100 100 100 1 true false
Spike -150 -100 100 100 1 true false
Spike -150 0 100 100 1 true false
Spike -150 100 100 100 1 true false
Bouncer 200 0 100 100 2 -0.7853981633974483
Bouncer 200 -150 100 100 3 -0.7853981633974483
Bouncer 200 -300 100 100 4 -2.356194490192345
Bouncer 50 -300 100 100 4 -2.356194490192345
Bouncer -100 -300 100 100 4 -2.356194490192345
Switch -250 -300 100 100 1 false
Switch -50 200 100 100 2 true
Switch -250 0 100 100 3 true
Switch -50 -200 100 100 4 true
Exit 300 250 100 100 
Decoration -300 250 100 100 1 
Decoration 250 -50 100 100 2 
Decoration -300 -150 100 100 2 
Decoration 150 -300 100 100 2 
Decoration -150 -200 100 100 2 
Decoration 100 -200 100 100 6 
Decoration -200 200 100 100 7 
Decoration -300 150 100 100 7 
Decoration 200 150 100 100 18 
Decoration 150 -100 100 100 18 
Decoration -200 -200 100 100 18 
Decoration -300 100 100 100 18 
Decoration -300 -100 100 100 18 
Decoration 100 150 170 170 32 
Size -400 -450 500 500
