Player -250 400 100 100 
Floor -400 -250 770 770 0.0 1
Floor -100 -500 770 770 0.0 1
Wall -200 -350 100 100 1 
Wall -200 -500 100 100 1 
Wall -200 -600 100 100 1 
Wall -100 -600 100 100 1 
Wall -400 -350 100 100 1 
Wall -500 -350 100 100 1 
Wall -500 -250 100 100 1 
Wall -400 500 100 100 1 
Wall -500 400 100 100 1 
Wall -500 500 100 100 1 
Wall 300 500 100 100 1 
Wall 300 400 100 100 1 
Wall 200 500 100 100 1 
Wall 300 300 100 100 1 
Wall 300 250 100 100 1 
Wall 400 250 100 100 1 
Wall 500 250 100 100 1 
Wall 600 250 100 100 1 
Wall 650 150 100 100 1 
Wall 650 250 100 100 1 
Wall 650 50 100 100 1 
Wall 650 -50 100 100 1 
Wall 650 -150 100 100 1 
Wall 650 -250 100 100 1 
Wall 650 -600 100 100 1 
Wall 550 -600 100 100 1 
Wall 650 -500 100 100 1 
Wall 650 -400 100 210 1 
Wall -500 -200 100 630 1 
Wall -300 -350 100 100 1 
Wall -350 500 610 100 1 
Wall -50 -600 700 100 1 
Wall -200 -450 100 100 1 
Wall -500 -350 100 100 2 
Wall -500 -250 100 100 2 
Wall -500 -150 100 100 2 
Wall -500 -50 100 100 2 
Wall -500 50 100 100 2 
Wall -500 150 100 100 2 
Wall -500 250 100 100 2 
Wall -500 350 100 100 2 
Wall -500 500 100 100 2 
Wall -500 450 100 100 2 
Wall -400 500 100 100 2 
Wall -300 500 100 100 2 
Wall -200 500 100 100 2 
Wall -100 500 100 100 2 
Wall 0 500 100 100 2 
Wall 100 500 100 100 2 
Wall 200 500 100 100 2 
Wall 300 500 100 100 2 
Wall 300 400 100 100 2 
Wall 300 300 100 100 2 
Wall 300 250 100 100 2 
Wall 550 250 100 100 2 
Wall 450 250 100 100 2 
Wall 400 250 100 100 2 
Wall 650 250 100 100 2 
Wall 650 150 100 100 2 
Wall 650 50 100 100 2 
Wall 650 -50 100 100 2 
Wall 650 -150 100 100 2 
Wall 650 -250 100 100 2 
Wall 650 -350 100 100 2 
Wall 650 -450 100 100 2 
Wall 650 -600 100 100 2 
Wall 650 -550 100 100 2 
Wall -400 -350 100 100 2 
Wall -200 -350 100 100 2 
Wall -300 -350 100 100 2 
Wall -200 -500 100 100 2 
Wall -200 -450 100 100 2 
Wall -200 -600 100 100 2 
Wall -100 -600 100 100 2 
Wall 0 -600 100 100 2 
Wall 150 -600 100 100 2 
Wall 100 -600 100 100 2 
Wall 100 -600 100 100 2 
Wall 250 -600 100 100 2 
Wall 350 -600 100 100 2 
Wall 450 -600 100 100 2 
Wall 500 -600 100 100 2 
Spike -400 200 100 100 1 true false
Spike -300 200 100 100 1 true false
Spike -200 200 100 100 1 true false
Spike -200 300 100 100 1 true false
Spike -200 400 100 100 1 true false
Switch -400 -250 100 100 1 false
Bouncer -300 100 100 100 2 1.5707963267948966
Bouncer -150 100 100 100 3 0.7853981633974483
Bouncer -150 -50 100 100 4 1.5707963267948966
Bouncer -150 -200 100 100 5 0.0
Bouncer -300 -200 100 100 5 0.0
Switch -100 200 100 100 2 true
Switch -100 300 100 100 3 true
Switch -100 400 100 100 4 true
Switch -400 400 100 100 5 true
Exit 550 -500 100 100 
Block 450 -500 100 100 6 true
Block 450 -400 100 100 6 true
Block 550 -400 100 100 6 true
Turret -100 -500 100 100 7 false 0
Turret -100 -400 100 100 7 false 0
Turret 550 150 100 100 8 false 3
Turret 450 150 100 100 8 false 3
Turret 450 -500 100 750 8 true 3
Turret 550 -500 100 750 8 true 3
Turret -100 -500 790 100 7 true 0
Turret -100 -400 790 100 7 true 0
Switch 150 -500 100 100 7 false
Switch 550 -150 100 100 8 false
Spike -100 -300 100 100 9 true false
Spike 0 -300 100 100 9 true false
Spike 350 -300 100 100 9 true false
Spike 350 -200 100 100 9 true false
Spike 350 -100 100 100 9 true false
Spike 350 0 100 100 9 true false
Spike 350 100 100 100 9 true false
Spike 350 150 100 100 9 true false
Spike 250 -300 100 100 9 true false
Spike 100 -300 100 100 9 true false
Spike 150 -300 100 100 9 true false
Switch 350 -500 100 100 9 false
Bouncer 150 -400 100 100 10 0.0
Bouncer 450 -150 100 100 11 1.5707963267948966
Switch 0 -200 100 100 10 true
Switch 250 100 100 100 11 true
Switch 250 -100 100 100 12 true
Bouncer 350 -400 100 100 12 0.0
Switch 550 -300 100 100 8 false
Switch 200 400 100 100 6 false
Switch 200 400 100 100 6 false
Decoration 100 250 100 100 1 
Decoration -300 0 100 100 4 
Decoration 100 200 100 100 4 
Decoration 200 -200 100 100 4 
Decoration 100 -50 100 100 4 
Decoration 0 400 100 100 4 
Decoration 0 250 100 100 4 
Decoration 200 300 100 100 4 
Decoration 100 100 100 100 3 
Decoration -250 -50 100 100 3 
Decoration -400 300 100 100 3 
Decoration -300 400 100 100 3 
Decoration 150 -150 100 100 7 
Decoration 150 -200 100 100 7 
Decoration -250 -250 100 100 7 
Decoration -350 -50 100 100 7 
Decoration 150 0 100 100 11 
Decoration 100 100 100 100 11 
Decoration -50 50 100 100 11 
Decoration -400 50 100 100 11 
Decoration -400 -150 100 100 11 
Decoration 100 400 100 100 11 
Wall 550 -600 100 100 2 
Size -500 -600 800 600
