Player -250 250 100 100 
Floor -450 -450 900 900 0.0 1
Floor 350 -250 500 500 0.0 1
Floor 250 -250 500 500 0.0 1
Wall -550 -450 100 100 1 
Wall -550 -500 100 970 1 
Wall -450 450 100 100 1 
Wall -500 450 990 100 1 
Wall -500 -550 990 100 1 
Wall 450 -450 100 100 1 
Wall 450 -350 100 100 1 
Wall 450 -350 450 100 1 
Wall 450 250 450 100 1 
Wall 450 350 100 100 1 
Wall 850 -300 100 580 1 
Wall 450 250 100 100 2 
Wall 550 250 100 100 2 
Wall 650 250 100 100 2 
Wall 750 250 100 100 2 
Wall 850 250 100 100 2 
Wall 450 350 100 100 2 
Wall 400 450 100 100 2 
Wall 350 450 100 100 2 
Wall 300 450 100 100 2 
Wall 200 450 100 100 2 
Wall 50 450 100 100 2 
Wall 150 450 100 100 2 
Wall 0 450 100 100 2 
Wall -50 450 100 100 2 
Wall -100 450 100 100 2 
Wall -200 450 100 100 2 
Wall -250 450 100 100 2 
Wall -300 450 100 100 2 
Wall -400 450 100 100 2 
Wall -450 450 100 100 2 
Wall -450 450 100 100 2 
Wall -500 450 100 100 2 
Wall -550 450 100 100 2 
Wall -550 400 100 100 2 
Wall -550 350 100 100 2 
Wall -550 300 100 100 2 
Wall -550 200 100 100 2 
Wall -550 150 100 100 2 
Wall -550 100 100 100 2 
Wall -550 0 100 100 2 
Wall -550 -50 100 100 2 
Wall -550 -100 100 100 2 
Wall -550 -200 100 100 2 
Wall -550 -250 100 100 2 
Wall -550 -300 100 100 2 
Wall -550 -350 100 100 2 
Wall -550 -400 100 100 2 
Wall -550 -450 100 100 2 
Wall -500 -550 100 100 2 
Wall -550 -550 100 100 2 
Wall -400 -550 100 100 2 
Wall -300 -550 100 100 2 
Wall -200 -550 100 100 2 
Wall -50 -550 100 100 2 
Wall -100 -550 100 100 2 
Wall 100 -550 100 100 2 
Wall 50 -550 100 100 2 
Wall 200 -550 100 100 2 
Wall 250 -550 100 100 2 
Wall 400 -550 100 100 2 
Wall 350 -550 100 100 2 
Wall 450 -450 100 100 2 
Wall 450 -550 100 100 2 
Wall 450 -350 100 100 2 
Wall 550 -350 100 100 2 
Wall 650 -350 100 100 2 
Wall 700 -350 100 100 2 
Wall 800 -350 100 100 2 
Wall 850 -350 100 100 2 
Wall 850 -250 100 100 2 
Wall 850 -150 100 100 2 
Wall 850 -100 100 100 2 
Wall 850 50 100 100 2 
Wall 850 150 100 100 2 
Wall 850 0 100 100 2 
Block 450 -250 100 100 0 true
Block 450 -150 100 100 0 true
Block 450 -50 100 100 0 true
Block 450 50 100 100 0 true
Block 450 150 100 100 0 true
Switch 350 -350 100 100 0 false
Exit 750 -50 100 100 
Decoration -450 350 100 100 1 
Decoration 350 -450 100 100 1 
Decoration 350 -450 100 100 3 
Decoration -400 -450 100 100 3 
Decoration -350 -250 100 100 3 
Decoration -200 50 100 100 3 
Decoration 50 200 100 100 3 
Decoration 350 250 100 100 3 
Decoration 200 -50 100 100 3 
Decoration 50 -200 100 100 3 
Decoration 0 -350 100 100 3 
Decoration -450 350 100 100 3 
Decoration -150 350 100 100 5 
Decoration -400 50 100 100 5 
Decoration -400 -150 100 100 5 
Decoration -350 -350 100 100 5 
Decoration 200 -300 100 100 5 
Decoration -150 -400 100 100 5 
Decoration 150 200 100 100 5 
Decoration 350 350 100 100 9 
Decoration -400 -400 100 100 30 
Decoration -150 250 100 100 30 
Decoration -250 350 100 100 30 
Decoration 250 350 100 100 30 
Decoration 300 50 100 100 30 
Decoration 0 -300 100 100 30 
Size -550 -550 950 550
