Player 0 450 100 100 
Floor -200 150 400 400 0.0 0
Floor -450 -500 870 850 0.0 1
Wall -300 350 100 100 1 
Wall -400 350 100 100 1 
Wall 200 350 100 100 1 
Wall 300 350 100 100 1 
Wall 400 350 100 100 1 
Wall -500 350 100 100 1 
Wall -550 -500 100 100 1 
Wall -550 -400 100 820 1 
Wall 400 -550 100 910 1 
Wall -550 -600 100 100 1 
Wall -500 -600 980 100 1 
Wall -300 350 100 100 2 
Wall -290 350 100 100 1 
Wall -223 413 40 40 1 
Wall -214 434 40 40 1 
Wall -216 430 40 40 1 
Wall -203 445 40 40 1 
Wall -191 467 40 40 1 
Wall -183 481 40 40 1 
Wall -177 488 40 40 1 
Wall -168 499 40 40 1 
Wall -159 508 40 40 1 
Wall -148 510 40 40 1 
Wall -140 519 40 40 1 
Wall -122 526 40 40 1 
Wall -101 531 40 40 1 
Wall -82 537 40 40 1 
Wall -59 541 40 40 1 
Wall -35 542 40 40 1 
Wall -13 544 40 40 1 
Wall 13 540 40 40 1 
Wall 47 540 40 40 1 
Wall 59 527 40 40 1 
Wall 89 518 40 40 1 
Wall 107 508 40 40 1 
Wall 123 493 40 40 1 
Wall 140 479 40 40 1 
Wall 153 460 40 40 1 
Wall 161 445 40 40 1 
Wall 171 426 40 40 1 
Wall 179 410 40 40 1 
Wall 182 391 40 40 1 
Wall 194 355 40 40 1 
Wall 195 347 40 40 1 
Wall -400 350 100 100 2 
Wall -500 350 100 100 2 
Wall -550 300 100 100 2 
Wall -550 350 100 100 2 
Wall -550 200 100 100 2 
Wall -550 100 100 100 2 
Wall -550 0 100 100 2 
Wall -550 -100 100 100 2 
Wall -550 -200 100 100 2 
Wall -550 -300 100 100 2 
Wall -550 -400 100 100 2 
Wall -550 -450 100 100 2 
Wall -550 -500 100 100 2 
Wall -550 -600 100 100 2 
Wall -450 -600 100 100 2 
Wall -350 -600 100 100 2 
Wall -250 -600 100 100 2 
Wall -150 -600 100 100 2 
Wall -50 -600 100 100 2 
Wall 50 -600 100 100 2 
Wall 150 -600 100 100 2 
Wall 250 -600 100 100 2 
Wall 350 -600 100 100 2 
Wall 400 -600 100 100 2 
Wall 400 -500 100 100 2 
Wall 400 -400 100 100 2 
Wall 400 -300 100 100 2 
Wall 400 -200 100 100 2 
Wall 400 -100 100 100 2 
Wall 400 0 100 100 2 
Wall 400 100 100 100 2 
Wall 400 200 100 100 2 
Wall 400 300 100 100 2 
Wall 400 350 100 100 2 
Wall 300 350 100 100 2 
Wall 200 350 100 100 2 
Wall -250 450 100 100 2 
Wall -250 550 100 100 2 
Wall -150 550 100 100 2 
Wall -50 550 100 100 2 
Wall 50 550 100 100 2 
Wall 150 550 100 100 2 
Wall 150 450 100 100 2 
Wall -214 412 30 30 2 
Wall -170 482 30 30 2 
Wall -202 438 30 30 2 
Wall -209 429 30 30 2 
Wall -157 503 30 30 2 
Wall -124 533 30 30 2 
Wall -147 519 30 30 2 
Wall -107 527 30 30 2 
Wall -102 530 30 30 2 
Wall -129 513 30 30 2 
Wall -145 502 30 30 2 
Wall -152 498 30 30 2 
Wall -158 493 30 30 2 
Wall -158 493 30 30 2 
Wall -161 521 30 30 2 
Wall -77 540 30 30 2 
Wall -74 540 30 30 2 
Wall -53 544 30 30 2 
Wall -53 544 30 30 2 
Wall 19 546 30 30 2 
Wall 44 542 30 30 2 
Wall 47 540 30 30 2 
Wall 33 542 30 30 2 
Wall -47 547 30 30 2 
Wall -47 547 30 30 2 
Wall 90 523 30 30 2 
Wall 70 524 30 30 2 
Wall 63 529 30 30 2 
Wall 63 529 30 30 2 
Wall 112 523 30 30 2 
Wall 121 524 30 30 2 
Wall 128 503 30 30 2 
Wall 128 502 30 30 2 
Wall 117 506 30 30 2 
Wall 116 505 30 30 2 
Wall 105 510 30 30 2 
Wall 105 510 30 30 2 
Wall 92 514 30 30 2 
Wall 140 498 30 30 2 
Wall 140 487 30 30 2 
Wall 140 487 30 30 2 
Wall 140 484 30 30 2 
Wall 132 493 30 30 2 
Wall 182 426 30 30 2 
Wall 180 428 30 30 2 
Wall 174 439 30 30 2 
Wall 185 422 30 30 2 
Wall 193 378 30 30 2 
Wall 197 366 30 30 2 
Wall 197 364 30 30 2 
Wall 197 359 30 30 2 
Wall 184 408 30 30 2 
Wall 191 406 30 30 2 
Spike -200 250 100 100 1 true false
Spike -100 250 100 100 1 true false
Spike 0 250 100 100 1 true false
Spike 100 250 100 100 1 true false
Switch 50 350 100 100 1 false
Exit -50 -500 100 100 
Spike -150 -500 100 100 2 true false
Spike -150 -400 100 100 2 true false
Spike -50 -400 100 100 2 true false
Spike 50 -400 100 100 2 true false
Spike 50 -500 100 100 2 true false
Block -450 -100 100 100 3 true
Block -350 -100 100 100 3 true
Block -250 -100 100 100 3 true
Block -150 -100 100 100 3 true
Block -50 -100 100 100 3 true
Block 50 -100 100 100 3 true
Block 150 -100 100 100 3 true
Block 300 -100 100 100 3 true
Block 250 -100 100 100 3 true
Switch 300 -500 100 100 2 false
Switch 300 250 100 100 3 false
Decoration -450 250 100 100 1 
Decoration -450 -400 100 100 2 
Decoration -400 -450 100 100 2 
Decoration -300 -300 100 100 2 
Decoration 150 -250 100 100 2 
Decoration 250 -250 100 100 2 
Decoration 200 150 100 100 2 
Decoration -100 150 100 100 2 
Decoration -200 50 100 100 2 
Decoration -400 150 100 100 2 
Decoration -400 50 100 100 2 
Decoration -450 250 100 100 3 
Decoration -350 -400 100 100 3 
Decoration -450 -450 100 100 3 
Decoration 100 -250 100 100 3 
Decoration 150 50 100 100 3 
Decoration -150 50 100 100 3 
Decoration -250 -250 100 100 3 
Decoration 200 150 100 100 5 
Decoration 300 50 100 100 5 
Decoration -300 -250 100 100 5 
Decoration -400 -250 100 100 5 
Decoration -400 150 100 100 5 
Decoration 200 -350 100 100 5 
Decoration 200 -400 100 100 5 
Decoration 300 -350 100 100 5 
Decoration 200 -500 100 100 7 
Decoration 300 150 100 100 7 
Size -550 -600 500 650
