Player 0 500 100 100 
Floor -150 -500 280 1060 0.0 1
Floor -700 -400 1330 840 0.0 1
Wall -250 450 100 100 1 
Wall -250 400 100 100 1 
Wall -350 400 100 100 1 
Wall -700 400 360 100 1 
Wall -250 550 100 100 1 
Wall -150 550 100 100 1 
Wall -50 550 100 100 1 
Wall 50 550 100 100 1 
Wall 100 450 100 100 1 
Wall 100 400 530 100 1 
Wall -800 350 100 100 1 
Wall -800 -400 100 840 1 
Wall -750 -500 100 100 1 
Wall -650 -500 510 100 1 
Wall 100 -500 580 100 1 
Wall -150 -600 100 100 1 
Wall -50 -600 100 100 1 
Wall 50 -600 100 100 1 
Wall 600 -400 100 100 1 
Wall 600 -300 100 100 1 
Wall 600 -200 100 100 1 
Wall 600 -100 100 100 1 
Wall 600 0 100 100 1 
Wall 600 100 100 100 1 
Wall 600 200 100 100 1 
Wall 600 300 100 100 1 
Wall -250 400 100 100 2 
Wall -250 500 100 100 2 
Wall -150 550 100 100 2 
Wall -250 550 100 100 2 
Wall -50 550 100 100 2 
Wall 50 550 100 100 2 
Wall 100 450 100 100 2 
Wall 100 400 100 100 2 
Wall 200 400 100 100 2 
Wall 300 400 100 100 2 
Wall 400 400 100 100 2 
Wall 500 400 100 100 2 
Wall 600 400 100 100 2 
Wall -350 400 100 100 2 
Wall -450 400 100 100 2 
Wall -550 400 100 100 2 
Wall -650 400 100 100 2 
Wall -750 400 100 100 2 
Wall -800 350 100 100 2 
Wall -800 400 100 100 2 
Wall -800 250 100 100 2 
Wall -800 150 100 100 2 
Wall -800 50 100 100 2 
Wall -800 -50 100 100 2 
Wall -800 -150 100 100 2 
Wall -800 -250 100 100 2 
Wall -800 -350 100 100 2 
Wall -800 -400 100 100 2 
Wall -800 -500 100 100 2 
Wall -700 -500 100 100 2 
Wall -650 -500 100 100 2 
Wall -550 -500 100 100 2 
Wall -450 -500 100 100 2 
Wall -350 -500 100 100 2 
Wall -250 -500 100 100 2 
Wall -150 -600 100 100 2 
Wall -50 -600 100 100 2 
Wall 50 -600 100 100 2 
Wall 100 -500 100 100 2 
Wall 200 -500 100 100 2 
Wall 300 -500 100 100 2 
Wall 400 -500 100 100 2 
Wall 500 -500 100 100 2 
Wall 600 -500 100 100 2 
Wall 600 -400 100 100 2 
Wall 600 -300 100 100 2 
Wall 600 -200 100 100 2 
Wall 600 -100 100 100 2 
Wall 600 0 100 100 2 
Wall 600 100 100 100 2 
Wall 600 200 100 100 2 
Wall 600 300 100 100 2 
Wall 100 300 100 100 2 
Wall 100 200 100 100 2 
Wall 0 200 100 100 2 
Wall -100 200 100 100 2 
Wall -150 200 100 100 2 
Wall -250 200 100 100 2 
Wall -350 200 100 100 2 
Wall -450 200 100 100 2 
Wall -550 200 100 100 2 
Block -650 200 100 100 1 true
Block -700 200 100 100 1 true
Switch 0 300 100 100 1 false
Wall -550 100 100 100 2 
Wall -550 0 100 100 2 
Wall -550 -300 100 100 2 
Wall -550 -200 100 100 2 
Wall -550 -150 100 100 2 
Wall -550 -100 100 100 2 
Wall -250 -400 100 100 2 
Wall -250 -300 100 100 2 
Wall -250 -200 100 100 2 
Wall -250 -100 100 100 2 
Wall -250 0 100 100 2 
Block -650 0 100 100 1 false
Block -700 0 100 100 1 false
Block -650 -300 100 100 1 true
Block -700 -300 100 100 1 true
Switch -650 -100 100 100 1 false
Switch -350 -400 100 100 1 false
Block -450 -300 100 100 1 false
Block -350 -300 100 100 1 false
Block -350 -100 100 100 1 true
Block -450 -100 100 100 1 true
Block -250 100 100 100 2 true
Switch -450 100 100 100 2 false
Wall -150 0 100 100 2 
Wall -50 0 100 100 2 
Wall 50 0 100 100 2 
Wall 150 0 100 100 2 
Wall 250 0 100 100 2 
Wall 350 0 100 100 2 
Wall 350 150 100 100 2 
Wall 350 100 100 100 2 
Wall 350 -100 100 100 2 
Wall 350 -200 100 100 2 
Wall 350 -300 100 100 2 
Wall 100 -400 100 100 2 
Wall 100 -300 100 100 2 
Wall 100 -200 100 100 2 
Block 350 250 100 100 3 true
Block 350 300 100 100 3 true
Block 500 -300 100 100 3 false
Block 450 -300 100 100 3 false
Block 100 -100 100 100 3 true
Switch 500 -400 100 100 3 false
Exit -50 -500 100 100 
Decoration -150 450 100 100 1 
Decoration -150 -500 100 100 3 
Decoration -50 -500 100 100 3 
Decoration 0 -500 100 100 3 
Decoration -400 0 100 100 11 
Decoration -400 -200 100 100 11 
Decoration -650 -200 100 100 11 
Decoration -700 -100 100 100 11 
Decoration -650 100 100 100 11 
Decoration -500 300 100 100 11 
Decoration -350 300 100 100 11 
Decoration -250 300 100 100 11 
Decoration -50 150 100 100 11 
Decoration 50 100 100 100 11 
Decoration 250 250 100 100 11 
Decoration 500 0 100 100 11 
Decoration 500 -100 100 100 11 
Decoration 500 -100 100 100 11 
Decoration 550 200 100 100 11 
Decoration 450 150 100 100 11 
Decoration 450 200 100 100 11 
Decoration -50 -350 100 100 11 
Decoration -100 -200 100 100 11 
Decoration -200 -400 100 100 11 
Decoration -50 -250 100 100 11 
Decoration 250 -350 100 100 11 
Decoration 250 -350 100 100 11 
Decoration 250 -400 100 100 11 
Decoration 350 -400 100 100 11 
Decoration 250 -250 100 100 11 
Wall -550 -300 100 100 1 
Wall -550 -200 100 100 1 
Wall -550 -100 100 100 1 
Wall -550 0 100 100 1 
Wall -550 100 100 100 1 
Wall -550 200 100 100 1 
Wall -450 200 100 100 1 
Wall -350 200 100 100 1 
Wall -250 200 100 100 1 
Wall -150 200 100 100 1 
Wall -100 200 100 100 1 
Wall 0 200 100 100 1 
Wall 100 200 100 100 1 
Wall 100 300 100 100 1 
Wall 350 0 100 100 1 
Wall 250 0 100 100 1 
Wall 150 0 100 100 1 
Wall 50 0 100 100 1 
Wall -50 0 100 100 1 
Wall -150 0 100 100 1 
Wall -250 0 100 100 1 
Wall -250 -400 100 100 1 
Wall -250 -300 100 100 1 
Wall -250 -200 100 100 1 
Wall -250 -100 100 100 1 
Wall 100 -200 100 100 1 
Wall 100 -300 100 100 1 
Wall 100 -400 100 100 1 
Wall 350 -300 100 100 1 
Wall 350 -200 100 100 1 
Wall 350 -100 100 100 1 
Wall 350 100 100 100 1 
Wall 350 150 100 100 1 
Switch -650 100 100 100 1 false
Switch 200 300 100 100 3 false
Size -800 -600 700 650
