Player -400 450 100 100 
Floor -550 -550 1100 1100 0.0 1
Wall -650 450 100 100 1 
Wall -650 550 100 100 1 
Wall -550 550 100 100 1 
Wall -650 -550 100 100 1 
Wall -650 -650 100 100 1 
Wall -550 -650 100 100 1 
Wall 450 -650 100 100 1 
Wall 550 -550 100 100 1 
Wall 550 -650 100 100 1 
Wall 550 450 100 100 1 
Wall 450 550 100 100 1 
Wall 550 550 100 100 1 
Wall -500 -650 1020 100 1 
Wall -500 550 1020 100 1 
Wall -650 -550 100 1080 1 
Wall 550 -550 100 1080 1 
Wall -650 450 100 100 2 
Wall -650 550 100 100 2 
Wall -550 550 100 100 2 
Wall -400 550 100 100 2 
Wall -450 550 100 100 2 
Wall -450 550 100 100 2 
Wall 550 550 100 100 2 
Wall 550 450 100 100 2 
Wall 450 550 100 100 2 
Wall 350 550 100 100 2 
Wall 250 550 100 100 2 
Wall 150 550 100 100 2 
Wall 50 550 100 100 2 
Wall -50 550 100 100 2 
Wall -150 550 100 100 2 
Wall -150 550 100 100 2 
Wall -250 550 100 100 2 
Wall -350 550 100 100 2 
Wall 550 350 100 100 2 
Wall 550 250 100 100 2 
Wall 550 150 100 100 2 
Wall 550 50 100 100 2 
Wall 550 -50 100 100 2 
Wall 550 -150 100 100 2 
Wall 550 -250 100 100 2 
Wall 550 -350 100 100 2 
Wall 550 -450 100 100 2 
Wall 550 -550 100 100 2 
Wall 550 -650 100 100 2 
Wall 500 -650 100 100 2 
Wall 450 -650 100 100 2 
Wall -650 -550 100 100 2 
Wall -650 -650 100 100 2 
Wall -550 -650 100 100 2 
Wall -450 -650 100 100 2 
Wall -350 -650 100 100 2 
Wall -250 -650 100 100 2 
Wall -150 -650 100 100 2 
Wall -50 -650 100 100 2 
Wall 50 -650 100 100 2 
Wall 150 -650 100 100 2 
Wall 250 -650 100 100 2 
Wall 350 -650 100 100 2 
Wall -650 -450 100 100 2 
Wall -650 -350 100 100 2 
Wall -650 -250 100 100 2 
Wall -650 -150 100 100 2 
Wall -650 -50 100 100 2 
Wall -650 50 100 100 2 
Wall -650 150 100 100 2 
Wall -650 350 100 100 2 
Wall -650 250 100 100 2 
Wall -350 350 100 100 2 
Wall -250 350 100 100 2 
Wall -150 350 100 100 2 
Wall -50 350 100 100 2 
Wall 50 350 100 100 2 
Wall 150 350 100 100 2 
Wall 250 350 100 100 2 
Wall 350 350 100 100 2 
Wall 450 350 100 100 2 
Wall -350 250 100 100 2 
Wall -350 150 100 100 2 
Wall -350 50 100 100 2 
Wall -350 -50 100 100 2 
Wall -350 -150 100 100 2 
Wall -350 -250 100 100 2 
Wall -350 -350 100 100 2 
Wall -50 -550 100 100 2 
Wall -50 -450 100 100 2 
Wall -50 -350 100 100 2 
Wall -50 -250 100 100 2 
Wall -50 -150 100 100 2 
Wall -50 -50 100 100 2 
Wall -50 50 100 100 2 
Spike -550 150 100 100 1 true false
Spike -450 150 100 100 1 true false
Spike -550 50 100 100 1 true false
Spike -450 50 100 100 1 true false
Switch -450 -50 100 100 1 false
Spike -550 -150 100 100 1 true true
Spike -450 -150 100 100 1 true true
Spike -450 -250 100 100 1 true true
Spike -550 -250 100 100 1 true true
Spike -350 -450 100 100 2 true true
Spike -350 -550 100 100 2 true true
Switch -550 -550 100 100 2 false
Spike -250 -150 100 100 2 false true
Spike -250 -250 100 100 2 false true
Spike -150 -250 100 100 2 false true
Spike -150 -150 100 100 2 false true
Switch -250 -50 100 100 2 false
Wall 250 250 100 100 2 
Wall 250 150 100 100 2 
Wall 250 50 100 100 2 
Wall 250 -50 100 100 2 
Wall 250 -150 100 100 2 
Wall 250 -250 100 100 2 
Wall 250 -350 100 100 2 
Spike 50 50 100 100 3 true false
Spike 50 -50 100 100 3 true false
Spike 150 50 100 100 3 true false
Spike 150 -50 100 100 3 true false
Spike 50 -150 100 100 3 true false
Spike 50 -250 100 100 3 true false
Spike 150 -250 100 100 3 true false
Spike 50 -350 100 100 3 true false
Spike 50 -450 100 100 3 true false
Spike 50 -550 100 100 3 true false
Spike 150 -550 100 100 3 true false
Spike 250 -550 100 100 3 true false
Spike 250 -450 100 100 3 true false
Spike 350 -550 100 100 3 true false
Spike 450 -550 100 100 3 true false
Spike 350 -350 100 100 3 true false
Spike 450 -350 100 100 3 true false
Spike 450 -250 100 100 3 true false
Spike 350 -250 100 100 3 true false
Bouncer 150 -150 100 100 -1 -1.5707963267948966
Bouncer 150 -350 100 100 -1 -1.5707963267948966
Bouncer 150 -450 100 100 -1 0.0
Bouncer 350 -450 100 100 -1 0.0
Switch 450 -450 100 100 3 false
Exit 400 250 100 100 
Block 350 50 100 100 4 true
Block 450 50 100 100 4 true
Switch 350 -50 100 100 4 false
Follow 500 550 100 100 
Wall -350 350 100 100 1 
Wall -350 -350 100 100 1 
Wall -50 50 100 100 1 
Wall -300 350 860 100 1 
Wall -50 -600 100 670 1 
Wall 250 -350 100 100 1 
Wall 250 -300 100 670 1 
Wall -350 -300 100 670 1 
Decoration -450 450 100 100 2 
Decoration -150 250 100 100 2 
Decoration -200 150 100 100 2 
Decoration -600 350 100 100 2 
Decoration -550 400 100 100 2 
Decoration 100 200 100 100 2 
Decoration 50 150 100 100 2 
Decoration -150 -350 100 100 2 
Decoration -200 -450 100 100 2 
Decoration -550 -450 100 100 2 
Decoration -550 -350 100 100 4 
Decoration -450 -350 100 100 4 
Decoration -200 -550 100 100 4 
Decoration 50 250 100 100 4 
Decoration -100 150 100 100 4 
Decoration -250 100 100 100 4 
Decoration 0 450 100 100 4 
Decoration 250 450 100 100 4 
Decoration -250 400 100 100 4 
Decoration 450 200 100 100 4 
Decoration 450 -100 100 100 4 
Decoration 350 150 100 100 6 
Decoration -100 150 100 100 17 
Decoration -200 250 100 100 17 
Decoration 50 250 100 100 17 
Decoration 100 500 100 100 17 
Decoration -150 450 100 100 17 
Decoration -350 450 100 100 17 
Decoration -200 -400 100 100 17 
Decoration -250 -450 100 100 17 
Decoration -250 250 100 100 1 
Decoration -250 450 100 100 1 
Size -650 -650 650 650
