Player -400 -400 100 100 
Floor -750 -550 1140 1140 0.0 0
Floor -150 50 530 530 0.0 2
Wall -250 -650 100 100 1 
Wall -350 -650 100 100 1 
Wall -850 -50 100 100 1 
Wall -850 -150 100 100 1 
Wall -850 50 100 100 1 
Wall -800 -150 100 100 1 
Wall -800 -250 100 100 1 
Wall -750 -300 100 100 1 
Wall -700 -400 100 100 1 
Wall -650 -450 100 100 1 
Wall -600 -500 100 100 1 
Wall -550 -550 100 100 1 
Wall -400 -600 100 100 1 
Wall -500 -550 100 100 1 
Wall -300 -600 100 100 1 
Wall -200 -600 100 100 1 
Wall -100 -600 100 100 1 
Wall -800 50 100 100 1 
Wall -800 150 100 100 1 
Wall -750 250 100 100 1 
Wall -700 300 100 100 1 
Wall -650 400 100 100 1 
Wall -600 450 100 100 1 
Wall -550 450 100 100 1 
Wall -500 500 100 100 1 
Wall -450 500 100 100 1 
Wall -400 550 100 100 1 
Wall -300 550 100 100 1 
Wall -200 550 100 100 1 
Wall -100 550 100 100 1 
Wall 0 550 100 100 1 
Wall 100 550 100 100 1 
Wall 200 550 100 100 1 
Wall 300 550 100 100 1 
Wall 350 500 100 100 1 
Wall 350 400 100 100 1 
Wall 350 350 100 100 1 
Wall 350 300 100 100 1 
Wall 350 250 100 100 1 
Wall 350 150 100 100 1 
Wall 350 100 100 100 1 
Wall 350 50 100 100 1 
Wall 350 -50 100 100 1 
Wall 350 -150 100 100 1 
Wall 350 -250 100 100 1 
Wall 300 -300 100 100 1 
Wall 250 -350 100 100 1 
Wall 200 -450 100 100 1 
Wall 150 -500 100 100 1 
Wall 100 -550 100 100 1 
Wall 50 -550 100 100 1 
Wall 0 -600 100 100 1 
Wall -550 450 100 100 2 
Wall -650 400 100 100 2 
Wall -450 500 100 100 2 
Wall -400 550 100 100 2 
Wall -300 550 100 100 2 
Wall -200 550 100 100 2 
Wall -100 550 100 100 2 
Wall 0 550 100 100 2 
Wall 150 550 100 100 2 
Wall 100 550 100 100 2 
Wall 250 550 100 100 2 
Wall 300 550 100 100 2 
Wall 350 550 100 100 2 
Wall 350 500 100 100 2 
Wall 350 400 100 100 2 
Wall 350 350 100 100 2 
Wall 350 250 100 100 2 
Wall 350 150 100 100 2 
Wall 350 100 100 100 2 
Wall 350 50 100 100 2 
Wall 350 -50 100 100 2 
Wall 350 -150 100 100 2 
Wall 350 -250 100 100 2 
Wall 300 -300 100 100 2 
Wall 250 -350 100 100 2 
Wall 300 -250 100 100 2 
Wall 200 -450 100 100 2 
Wall 150 -500 100 100 2 
Wall 100 -550 100 100 2 
Wall 135 -537 100 100 2 
Wall 53 -554 100 100 2 
Wall 0 -600 100 100 2 
Wall -100 -600 100 100 2 
Wall -200 -600 100 100 2 
Wall -250 -600 100 100 2 
Wall -300 -600 100 100 2 
Wall -400 -600 100 100 2 
Wall -500 -550 100 100 2 
Wall -550 -550 100 100 2 
Wall -600 -500 100 100 2 
Wall -650 -450 100 100 2 
Wall -700 -400 100 100 2 
Wall -750 -300 100 100 2 
Wall -800 -250 100 100 2 
Wall -800 -150 100 100 2 
Wall -850 -150 100 100 2 
Wall -800 -50 100 100 2 
Wall -800 50 100 100 2 
Wall -800 150 100 100 2 
Wall -750 250 100 100 2 
Wall -700 300 100 100 2 
Exit 250 450 100 100 
Block 250 350 100 100 0 true
Block 150 350 100 100 0 true
Block 150 450 100 100 0 true
Switch 250 -150 100 100 0 false
Wall -300 -500 100 100 2 
Wall -350 -400 100 100 2 
Wall -400 -300 100 100 2 
Wall -450 -200 100 100 2 
Wall -500 -100 100 100 2 
Wall -600 -100 100 100 2 
Block -700 -100 100 100 1 true
Switch -500 -300 100 100 1 false
Wall -600 0 100 100 2 
Wall -600 200 100 100 2 
Wall -600 300 100 100 2 
Wall -500 200 100 100 2 
Wall -100 -350 100 100 2 
Wall -100 -250 100 100 2 
Wall -150 -150 100 100 2 
Wall -200 -50 100 100 2 
Wall -250 50 100 100 2 
Wall -300 150 100 100 2 
Wall -400 200 100 100 2 
Wall 250 50 100 100 2 
Wall 150 50 100 100 2 
Wall 50 50 100 100 2 
Block -100 -500 100 100 2 true
Block -100 -450 100 100 2 true
Switch -400 100 100 100 2 false
Switch 250 -50 100 100 3 false
Block -50 50 100 100 3 true
Block -150 50 100 100 3 true
Decoration 150 -350 100 100 1 
Decoration -400 100 100 100 3 
Decoration -700 150 100 100 3 
Decoration -150 150 100 100 6 
Decoration -450 400 100 100 6 
Decoration -250 450 100 100 25 
Decoration 0 300 100 100 25 
Decoration 100 200 100 100 25 
Decoration -300 300 100 100 25 
Decoration -250 -100 100 100 25 
Decoration -250 -200 100 100 25 
Decoration -350 -100 100 100 25 
Decoration -600 -250 100 100 25 
Decoration -650 -300 100 100 25 
Decoration 50 -350 100 100 25 
Decoration 100 -150 100 100 25 
Decoration 0 -150 100 100 25 
Decoration -600 -250 100 100 5 
Decoration -250 -200 100 100 5 
Decoration -350 -50 100 100 5 
Decoration -550 100 100 100 5 
Decoration -150 450 100 100 5 
Decoration -300 450 100 100 5 
Decoration -350 350 100 100 5 
Decoration 200 250 100 100 5 
Decoration 250 200 100 100 5 
Decoration 0 350 100 100 5 
Decoration 0 350 100 100 4 
Decoration -200 350 100 100 4 
Decoration -350 -50 100 100 4 
Decoration -550 -200 100 100 4 
Decoration -250 -350 100 100 4 
Decoration 50 -350 100 100 4 
Decoration 150 -250 100 100 4 
Decoration 100 -50 100 100 4 
Decoration 0 200 100 100 4 
Wall 250 50 100 100 1 
Wall 150 50 100 100 1 
Wall 50 50 100 100 1 
Wall -100 -350 100 100 1 
Wall -100 -250 100 100 1 
Wall -150 -150 100 100 1 
Wall -200 -50 100 100 1 
Wall -250 50 100 100 1 
Wall -300 150 100 100 1 
Wall -400 200 100 100 1 
Wall -500 200 100 100 1 
Wall -600 200 100 100 1 
Wall -600 300 100 100 1 
Wall -600 0 100 100 1 
Wall -600 -100 100 100 1 
Wall -500 -100 100 100 1 
Wall -450 -200 100 100 1 
Wall -400 -300 100 100 1 
Wall -350 -400 100 100 1 
Wall -300 -500 100 100 1 
Size -850 -650 500 650
