Player 600 50 100 100 
Floor 450 -400 260 630 0.0 1
Floor -100 -400 570 270 0.0 1
Floor -200 -400 250 640 0.0 1
Floor -800 -100 600 340 0.0 1
Wall 50 -150 100 100 1 
Wall 150 -150 100 100 1 
Wall 350 -150 100 100 1 
Wall 350 -50 100 100 1 
Wall 350 150 100 100 1 
Wall 350 50 100 100 1 
Wall 450 200 100 100 1 
Wall 550 200 100 100 1 
Wall 650 200 100 100 1 
Wall 700 100 100 100 1 
Wall 700 0 100 100 1 
Wall 700 -100 100 100 1 
Wall 700 -200 100 100 1 
Wall 700 -350 100 100 1 
Wall 700 -300 100 100 1 
Wall 250 -150 100 100 1 
Wall 50 -50 100 100 1 
Wall 50 50 100 100 1 
Wall 50 150 100 100 1 
Wall 50 250 100 100 1 
Wall -50 250 100 100 1 
Wall -50 200 100 100 1 
Wall -150 200 100 100 1 
Wall -800 200 100 100 1 
Wall -250 200 100 100 1 
Wall -700 200 540 100 1 
Wall -900 -100 100 100 1 
Wall -900 0 100 100 1 
Wall -800 -200 100 100 1 
Wall -900 100 100 100 1 
Wall -750 -200 490 100 1 
Wall -300 -200 100 100 1 
Wall -300 -400 100 230 1 
Wall -300 -500 100 100 1 
Wall 700 -450 100 100 1 
Wall 700 -500 100 100 1 
Wall -250 -500 990 100 1 
Wall -300 -500 100 100 2 
Wall -200 -500 100 100 2 
Wall -300 -400 100 100 2 
Wall -300 -300 100 100 2 
Wall -300 -200 100 100 2 
Wall -400 -200 100 100 2 
Wall -800 -200 100 100 2 
Wall -900 -200 100 100 2 
Wall -700 -200 100 100 2 
Wall -600 -200 100 100 2 
Wall -500 -200 100 100 2 
Wall -900 -100 100 100 2 
Wall -900 0 100 100 2 
Wall -900 100 100 100 2 
Wall -800 200 100 100 2 
Wall -900 200 100 100 2 
Wall -700 200 100 100 2 
Wall -600 200 100 100 2 
Wall -500 200 100 100 2 
Wall -400 200 100 100 2 
Wall -300 200 100 100 2 
Wall -200 200 100 100 2 
Wall -100 200 100 100 2 
Wall 0 200 100 100 2 
Wall 50 200 100 100 2 
Wall 50 100 100 100 2 
Wall 50 0 100 100 2 
Wall 50 -50 100 100 2 
Wall 50 -150 100 100 2 
Wall 150 -150 100 100 2 
Wall 250 -150 100 100 2 
Wall 350 -150 100 100 2 
Wall 350 -50 100 100 2 
Wall 350 50 100 100 2 
Wall 350 150 100 100 2 
Wall 350 200 100 100 2 
Wall 450 200 100 100 2 
Wall 650 200 100 100 2 
Wall 550 200 100 100 2 
Wall 700 200 100 100 2 
Wall 700 100 100 100 2 
Wall 700 -100 100 100 2 
Wall 700 0 100 100 2 
Wall 700 -200 100 100 2 
Wall 700 -300 100 100 2 
Wall 700 -400 100 100 2 
Wall 700 -500 100 100 2 
Wall -100 -500 100 100 2 
Wall 0 -500 100 100 2 
Wall 100 -500 100 100 2 
Wall 200 -500 100 100 2 
Wall 300 -500 100 100 2 
Wall 400 -500 100 100 2 
Wall 500 -500 100 100 2 
Wall 600 -500 100 100 2 
Turret -200 -250 100 100 1 false 0
Turret -100 -250 850 100 1 true 0
Switch -300 -100 100 100 1 false
Bouncer -50 -150 100 100 -1 1.5707963267948966
Bouncer -50 -100 100 100 -1 3.141592653589793
Bouncer -150 -100 100 100 -1 3.141592653589793
Turret 300 -400 100 100 2 false 1
Turret -100 100 100 100 3 false 3
Turret -100 -400 100 540 3 true 3
Turret 300 -300 100 210 2 true 1
Switch 500 -400 100 100 2 false
Switch -200 -400 100 100 3 false
Block -600 -100 100 100 4 true
Block -600 0 100 100 4 true
Block -600 100 100 100 4 true
Switch -400 -100 100 100 4 false
Exit -800 0 100 100 
Decoration 500 100 100 100 1 
Decoration 600 50 100 100 1 
Decoration 600 -50 100 100 2 
Decoration 500 -100 100 100 2 
Decoration 100 -400 100 100 2 
Decoration 0 -400 100 100 2 
Decoration 500 -300 100 100 2 
Decoration -250 50 100 100 2 
Decoration -400 0 100 100 2 
Decoration -450 100 100 100 2 
Decoration -700 -50 100 100 2 
Decoration -800 -100 100 100 2 
Decoration -750 100 100 100 2 
Decoration -750 100 100 100 3 
Decoration -300 50 100 100 3 
Decoration -450 0 100 100 3 
Decoration 500 -100 100 100 3 
Decoration 150 -350 100 100 3 
Decoration 450 -50 100 100 5 
Decoration -300 100 100 100 5 
Decoration -150 0 100 100 5 
Decoration -100 -150 100 100 5 
Decoration -700 -50 100 100 5 
Decoration -800 100 100 100 5 
Decoration 450 0 100 100 7 
Decoration -50 0 100 100 7 
Decoration -800 -100 100 100 7 
Bouncer 600 -300 100 100 -1 3.141592653589793
Bouncer 450 -300 100 100 -1 3.141592653589793
Bouncer 350 -300 100 100 -1 3.141592653589793
Bouncer 200 -300 100 100 -1 3.141592653589793
Bouncer 100 -300 100 100 -1 3.141592653589793
Bouncer -50 -300 100 100 -1 1.5707963267948966
Size -900 -500 800 350
