Floor -550 -550 1160 1160 0.0 1
Wall -550 600 100 100 1 
Wall -650 500 100 100 1 
Wall -650 600 100 100 1 
Wall 500 600 100 100 1 
Wall 600 500 100 100 1 
Wall 600 600 100 100 1 
Wall -650 -550 100 100 1 
Wall -550 -650 100 100 1 
Wall -650 -650 100 100 1 
Wall 500 -650 100 100 1 
Wall 600 -650 100 100 1 
Wall 600 -550 100 100 1 
Wall -500 600 1070 100 1 
Wall -500 -650 1070 100 1 
Wall -650 -450 100 1010 1 
Wall 600 -500 100 1060 1 
Wall -650 600 100 100 2 
Wall -650 500 100 100 2 
Wall -550 600 100 100 2 
Wall -450 600 100 100 2 
Wall -350 600 100 100 2 
Wall -250 600 100 100 2 
Wall -150 600 100 100 2 
Wall -50 600 100 100 2 
Wall 50 600 100 100 2 
Wall 150 600 100 100 2 
Wall 250 600 100 100 2 
Wall 350 600 100 100 2 
Wall 450 600 100 100 2 
Wall 550 600 100 100 2 
Wall 600 600 100 100 2 
Wall 600 500 100 100 2 
Wall 600 400 100 100 2 
Wall 600 300 100 100 2 
Wall 600 200 100 100 2 
Wall 600 100 100 100 2 
Wall 600 0 100 100 2 
Wall 600 -100 100 100 2 
Wall 600 -200 100 100 2 
Wall 600 -300 100 100 2 
Wall 600 -400 100 100 2 
Wall 600 -500 100 100 2 
Wall 600 -600 100 100 2 
Wall 600 -650 100 100 2 
Wall 500 -650 100 100 2 
Wall -550 -650 100 100 2 
Wall -650 -550 100 100 2 
Wall -650 -650 100 100 2 
Wall -450 -650 100 100 2 
Wall -350 -650 100 100 2 
Wall -250 -650 100 100 2 
Wall -150 -650 100 100 2 
Wall -50 -650 100 100 2 
Wall 50 -650 100 100 2 
Wall 150 -650 100 100 2 
Wall 250 -650 100 100 2 
Wall 400 -650 100 100 2 
Wall 350 -650 100 100 2 
Wall -650 -450 100 100 2 
Wall -650 -350 100 100 2 
Wall -650 -250 100 100 2 
Wall -650 -150 100 100 2 
Wall -650 -50 100 100 2 
Wall -650 50 100 100 2 
Wall -650 150 100 100 2 
Wall -650 250 100 100 2 
Wall -650 350 100 100 2 
Wall -650 400 100 100 2 
Wall -350 500 100 100 2 
Wall 300 500 100 100 2 
Wall -350 400 100 100 2 
Wall -350 300 100 100 2 
Wall -350 200 100 100 2 
Wall -350 100 100 100 2 
Wall -350 0 100 100 2 
Wall -350 -100 100 100 2 
Wall -350 -200 100 100 2 
Wall -350 -300 100 100 2 
Wall -350 -400 100 100 2 
Wall 300 400 100 100 2 
Wall 300 300 100 100 2 
Wall 300 200 100 100 2 
Wall 300 100 100 100 2 
Wall 300 0 100 100 2 
Wall 300 -100 100 100 2 
Wall 300 -200 100 100 2 
Wall 300 -300 100 100 2 
Wall 300 -400 100 100 2 
Wall -350 -400 100 100 1 
Wall 300 -400 100 100 1 
Wall -350 -300 100 920 1 
Wall 300 -300 100 920 1 
Follow -500 600 100 100 
Follow 550 600 100 100 
Block -350 -550 100 100 1 false
Block -350 -500 100 100 1 false
Block 300 -550 100 100 1 false
Block 300 -500 100 100 1 false
Switch -250 500 100 100 1 false
Switch 200 300 100 100 1 false
Switch -250 200 100 100 1 false
Switch 200 500 100 100 1 false
Switch -250 0 100 100 1 false
Spike -250 -400 100 100 2 true false
Spike -150 -400 100 100 2 true false
Spike -50 -400 100 100 2 true false
Spike 50 -400 100 100 2 true false
Spike 200 -400 100 100 2 true false
Spike 150 -400 100 100 2 true false
Spike -250 -300 100 100 3 true false
Spike -150 -300 100 100 3 true false
Spike -50 -300 100 100 3 true false
Spike 50 -300 100 100 3 true false
Spike 150 -300 100 100 3 true false
Spike 200 -300 100 100 3 true false
Spike -250 -200 100 100 4 true false
Spike -150 -200 100 100 4 true false
Spike -50 -200 100 100 4 true false
Spike 50 -200 100 100 4 true false
Spike 150 -200 100 100 4 true false
Spike 200 -200 100 100 4 true false
Switch -250 350 100 100 2 false
Switch -250 -100 100 100 3 false
Switch 200 100 100 100 4 false
Switch 200 -50 100 100 1 false
Turret 200 200 100 100 1 false 2
Turret 200 400 100 100 1 false 2
Turret -250 100 100 100 1 false 0
Turret -250 200 450 100 1 true 2
Turret -250 400 450 100 1 true 2
Turret -150 100 450 100 1 true 0
Turret 200 300 100 330 1 true 1
Turret 200 500 100 100 1 true 1
Turret 200 -100 100 320 1 true 3
Turret -250 -100 100 320 1 true 3
Turret -250 200 100 400 1 true 1
Switch 0 500 100 100 1 true
Player -100 600 100 100 
Exit -50 -550 100 100 
Size -650 -650 700 700
