Player 0 500 100 100 
Floor -150 -100 310 680 0.0 1
Floor -300 -400 620 620 0.0 1
Wall -150 600 100 100 1 
Wall -250 500 100 100 1 
Wall -250 250 100 100 1 
Wall -350 250 100 100 1 
Wall -450 150 100 100 1 
Wall -450 250 100 100 1 
Wall 150 250 100 100 1 
Wall 250 250 100 100 1 
Wall 350 250 100 100 1 
Wall 350 150 100 100 1 
Floor -150 500 100 100 0.0 1
Floor -50 500 100 100 0.0 1
Floor 50 500 100 100 0.0 1
Floor -350 150 100 100 0.0 1
Floor -250 150 100 100 0.0 1
Floor -350 50 100 100 0.0 1
Floor -350 0 100 100 0.0 1
Floor -350 -100 100 100 0.0 1
Floor -350 -200 100 100 0.0 1
Floor -350 -300 100 100 0.0 1
Floor -350 -400 100 100 0.0 1
Floor 200 150 100 100 0.0 1
Floor 150 150 100 100 0.0 1
Floor 250 150 100 100 0.0 1
Floor 250 50 100 100 0.0 1
Floor 250 -400 100 450 0.0 1
Wall -450 -400 100 100 1 
Wall -450 -300 100 100 1 
Wall -450 -200 100 100 1 
Wall -450 -100 100 100 1 
Wall -450 0 100 100 1 
Wall -450 100 100 100 1 
Wall -350 -500 100 100 1 
Wall -450 -500 100 100 1 
Wall 250 -500 100 100 1 
Wall 350 -500 100 100 1 
Wall 350 -400 100 100 1 
Wall -300 -500 590 100 1 
Wall 350 -350 100 500 1 
Wall -50 600 100 100 1 
Wall 50 600 100 100 1 
Wall 150 500 100 100 1 
Wall 150 600 100 100 1 
Wall -250 600 100 100 1 
Wall -250 400 100 100 1 
Wall -250 350 100 100 1 
Wall 150 350 100 100 1 
Wall 150 400 100 100 1 
Wall -250 250 100 100 2 
Wall -250 350 100 100 2 
Wall -250 450 100 100 2 
Wall -250 550 100 100 2 
Wall -250 600 100 100 2 
Wall -150 600 100 100 2 
Wall -50 600 100 100 2 
Wall 50 600 100 100 2 
Wall 150 500 100 100 2 
Wall 150 600 100 100 2 
Wall 150 400 100 100 2 
Wall 150 250 100 100 2 
Wall 150 350 100 100 2 
Wall 250 250 100 100 2 
Wall 350 250 100 100 2 
Wall 350 150 100 100 2 
Wall 350 50 100 100 2 
Wall 350 -50 100 100 2 
Wall 350 -150 100 100 2 
Wall 350 -250 100 100 2 
Wall 350 -350 100 100 2 
Wall 350 -450 100 100 2 
Wall 350 -500 100 100 2 
Wall 250 -500 100 100 2 
Wall 150 -500 100 100 2 
Wall 50 -500 100 100 2 
Wall -50 -500 100 100 2 
Wall -150 -500 100 100 2 
Wall -300 -500 100 100 2 
Wall -250 -500 100 100 2 
Wall -350 -500 100 100 2 
Wall -450 -500 100 100 2 
Wall -450 -400 100 100 2 
Wall -450 -300 100 100 2 
Wall -450 -200 100 100 2 
Wall -450 -100 100 100 2 
Wall -450 0 100 100 2 
Wall -450 100 100 100 2 
Wall -450 200 100 100 2 
Wall -450 250 100 100 2 
Wall -350 250 100 100 2
Wall 50 -150 100 100 2 
Wall 150 -150 100 100 2 
Wall 250 -150 100 100 2 
Wall 250 -150 100 100 1 
Wall 150 -150 100 100 1 
Wall 50 -150 100 100 1 
Bouncer -250 150 100 100 -1 -1.5707963267948966
Bouncer -250 -50 100 100 -1 -1.5707963267948966
Bouncer -250 -250 100 100 -1 -1.5707963267948966
Bouncer -250 -400 100 100 -1 3.141592653589793
Spike -250 50 100 100 -1 true false
Spike -250 -150 100 100 -1 true false
Spike -350 -300 100 100 -1 true false
Exit 250 -400 100 100 
Decoration -150 450 100 100 2 
Decoration 0 300 100 100 2 
Decoration -50 50 100 100 2 
Decoration -300 50 100 100 2 
Decoration -50 -200 100 100 2 
Decoration 200 -300 100 100 2 
Decoration 50 -350 100 100 2 
Decoration -150 -350 100 100 2 
Decoration -150 -350 100 100 3 
Decoration -350 0 100 100 3 
Decoration -350 0 100 100 5 
Decoration -150 250 100 100 5 
Decoration 50 350 100 100 5 
Decoration -50 -150 100 100 5 
Decoration -150 -300 100 100 5 
Decoration 100 -350 100 100 5 
Decoration 150 -250 100 100 5 
Decoration 0 -300 100 100 5 
Decoration 50 500 100 100 1 
Decoration -50 500 100 100 1 
Switch -350 -400 100 100 1 false
Turret 250 -50 100 100 1 false 2
Turret 250 50 100 100 1 false 2
Turret 250 150 100 100 1 false 2
Turret -350 -50 630 100 1 true 2
Turret -350 50 630 100 1 true 2
Turret -350 150 630 100 1 true 2
Size -450 -500 450 700
