Player -850 50 100 100 
Floor -950 -150 2150 380 0.0 1
Wall -950 -250 100 100 1 
Wall -1050 -150 100 100 1 
Wall -1050 -250 100 100 1 
Wall -1050 150 100 100 1 
Wall -950 200 100 100 1 
Wall -1050 200 100 100 1 
Wall -1050 100 100 100 1 
Wall -1050 -50 100 100 1 
Wall -1050 0 100 100 1 
Wall -850 -250 100 100 1 
Wall -850 200 100 100 1 
Wall 1100 200 100 100 1 
Wall 1200 200 100 100 1 
Wall 1200 100 100 100 1 
Wall 1200 -250 100 100 1 
Wall 1100 -250 100 100 1 
Wall 1200 -150 100 100 1 
Wall 1200 -100 100 320 1 
Wall -750 -250 1590 100 1 
Wall 750 -250 510 100 1 
Wall 700 200 510 100 1 
Wall -800 200 1540 100 1 
Turret -950 -150 100 100 1 false 0
Turret -950 100 100 100 2 false 0
Turret -850 -150 2090 100 1 true 0
Turret -850 100 2090 100 2 true 0
Turret -500 -150 100 100 3 false 1
Turret -500 -50 100 260 3 true 1
Spike -300 -50 100 100 5 true false
Spike -300 0 100 100 5 true false
Turret -200 100 100 100 6 false 3
Turret -200 -150 100 250 6 true 3
Switch -200 -150 100 100 5 false
Switch -100 100 100 100 6 false
Switch -400 -150 100 100 3 false
Spike 0 0 100 100 7 true true
Spike 0 -50 100 100 7 true true
Spike 100 -50 100 100 7 true true
Spike 100 0 100 100 7 true true
Spike 200 -50 100 100 7 true true
Spike 200 0 100 100 7 true true
Spike 300 -50 100 100 8 true false
Spike 300 0 100 100 8 true false
Spike 400 -50 100 100 8 true false
Spike 400 0 100 100 8 true false
Spike 500 -50 100 100 8 true false
Spike 500 0 100 100 8 true false
Exit 1100 -50 100 100 
Bouncer 400 100 100 100 0 0.0
Bouncer 600 100 100 100 0 0.0
Bouncer 800 100 100 100 0 0.0
Bouncer 1000 100 100 100 0 0.0
Bouncer 400 -150 100 100 0 0.0
Bouncer 600 -150 100 100 0 0.0
Bouncer 800 -150 100 100 0 0.0
Bouncer 1000 -150 100 100 0 0.0
Switch 1100 -150 100 100 8 false
Decoration -950 0 100 100 1 
Decoration -700 0 100 100 2 
Decoration -800 -50 100 100 2 
Decoration -400 -50 100 100 2 
Decoration -100 0 100 100 2 
Decoration 600 -50 100 100 2 
Decoration 750 0 100 100 2 
Decoration 900 0 100 100 2 
Decoration 1000 -50 100 100 2 
Decoration 850 -50 100 100 14 
Decoration 700 0 100 100 14 
Decoration -350 0 100 100 14 
Decoration -100 0 100 100 14 
Decoration -700 0 100 100 14 
Decoration -550 0 100 100 14 
Wall -1050 -250 100 100 2 
Wall -1050 -150 100 100 2 
Wall -1050 -50 100 100 2 
Wall -1050 50 100 100 2 
Wall -1050 150 100 100 2 
Wall -1050 200 100 100 2 
Wall -950 200 100 100 2 
Wall -950 -250 100 100 2 
Wall -850 -250 100 100 2 
Wall -750 -250 100 100 2 
Wall -650 -250 100 100 2 
Wall -850 200 100 100 2 
Wall -750 200 100 100 2 
Wall -650 200 100 100 2 
Wall -550 200 100 100 2 
Wall -500 200 100 100 2 
Wall -400 200 100 100 2 
Wall -300 200 100 100 2 
Wall -200 200 100 100 2 
Wall -100 200 100 100 2 
Wall 0 200 100 100 2 
Wall 100 200 100 100 2 
Wall 200 200 100 100 2 
Wall 300 200 100 100 2 
Wall 400 200 100 100 2 
Wall 500 200 100 100 2 
Wall 600 200 100 100 2 
Wall 700 200 100 100 2 
Wall 800 200 100 100 2 
Wall 900 200 100 100 2 
Wall 1000 200 100 100 2 
Wall 1100 200 100 100 2 
Wall 1200 200 100 100 2 
Wall 1200 100 100 100 2 
Wall 1200 0 100 100 2 
Wall 1200 -100 100 100 2 
Wall 1200 -200 100 100 2 
Wall 1200 -250 100 100 2 
Wall 1100 -250 100 100 2 
Wall 1000 -250 100 100 2 
Wall 900 -250 100 100 2 
Wall 800 -250 100 100 2 
Wall 700 -250 100 100 2 
Wall 600 -250 100 100 2 
Wall 500 -250 100 100 2 
Wall 400 -250 100 100 2 
Wall 300 -250 100 100 2 
Wall 200 -250 100 100 2 
Wall 100 -250 100 100 2 
Wall 0 -250 100 100 2 
Wall -100 -250 100 100 2 
Wall -200 -250 100 100 2 
Wall -350 -250 100 100 2 
Wall -300 -250 100 100 2 
Wall -450 -250 100 100 2 
Wall -550 -250 100 100 2 
Switch 1100 100 100 100 7 false
Size -1050 -250 1350 300
