Player -350 450 100 100 
Floor -500 -500 1020 1020 0.0 1
Floor 200 -500 730 730 0.0 1
Wall -600 -500 100 100 1 
Wall -600 -550 100 1080 1 
Wall -500 500 100 100 1 
Wall -400 500 100 100 1 
Wall -500 500 1070 100 1 
Wall 500 200 100 320 1 
Wall 500 200 460 100 1 
Wall -600 -600 1590 100 1 
Wall 900 -550 100 100 1 
Wall 900 -600 100 860 1 
Wall -500 500 100 100 2 
Wall -400 500 100 100 2 
Wall -350 500 100 100 2 
Wall -600 500 100 100 2 
Wall -250 500 100 100 2 
Wall -150 500 100 100 2 
Wall -50 500 100 100 2 
Wall 50 500 100 100 2 
Wall 100 500 100 100 2 
Wall 200 500 100 100 2 
Wall 250 500 100 100 2 
Wall 350 500 100 100 2 
Wall 450 500 100 100 2 
Wall 500 500 100 100 2 
Wall 500 450 100 100 2 
Wall 500 350 100 100 2 
Wall 500 300 100 100 2 
Wall 500 200 100 100 2 
Wall 600 200 100 100 2 
Wall 700 200 100 100 2 
Wall 800 200 100 100 2 
Wall 850 200 100 100 2 
Wall 900 200 100 100 2 
Wall -600 400 100 100 2 
Wall -600 350 100 100 2 
Wall -600 300 100 100 2 
Wall -600 200 100 100 2 
Wall -600 150 100 100 2 
Wall -600 50 100 100 2 
Wall -600 -50 100 100 2 
Wall -600 -100 100 100 2 
Wall -600 -200 100 100 2 
Wall -600 -300 100 100 2 
Wall -600 -400 100 100 2 
Wall -600 -500 100 100 2 
Wall -600 -550 100 100 2 
Wall -600 -600 100 100 2 
Wall -500 -600 100 100 2 
Wall -400 -600 100 100 2 
Wall -300 -600 100 100 2 
Wall -200 -600 100 100 2 
Wall -100 -600 100 100 2 
Wall 0 -600 100 100 2 
Wall 100 -600 100 100 2 
Wall 200 -600 100 100 2 
Wall 300 -600 100 100 2 
Wall 400 -600 100 100 2 
Wall 450 -600 100 100 2 
Wall 550 -600 100 100 2 
Wall 600 -600 100 100 2 
Wall 700 -600 100 100 2 
Wall 750 -600 100 100 2 
Wall 850 -600 100 100 2 
Wall 900 -600 100 100 2 
Wall 900 -550 100 100 2 
Wall 900 -500 100 100 2 
Wall 900 -450 100 100 2 
Wall 900 -350 100 100 2 
Wall 900 -250 100 100 2 
Wall 900 -150 100 100 2 
Wall 900 0 100 100 2 
Wall 900 -50 100 100 2 
Wall 900 50 100 100 2 
Wall 900 100 100 100 2 
Block -250 400 100 100 0 true
Block -250 300 100 100 0 true
Block -250 200 100 100 0 true
Wall -350 200 100 100 2 
Wall -450 200 100 100 2 
Wall -500 200 100 100 2 
Switch -500 300 100 100 0 false
Switch -500 -500 100 100 1 false
Wall -400 -500 100 100 2 
Wall -400 -400 100 100 2 
Block 0 400 100 100 1 true
Block 0 300 100 100 1 true
Block 0 200 100 100 1 true
Block 0 100 100 100 1 true
Block 0 0 100 100 1 true
Wall 0 -100 100 100 2 
Wall -100 -100 100 100 2 
Wall -200 -100 100 100 2 
Wall -300 -100 100 100 2 
Wall -400 -100 100 100 2 
Wall -400 -200 100 100 2 
Wall -400 -250 100 100 2 
Wall -400 -300 100 100 2 
Exit -250 -500 100 100 
Wall 100 -100 100 100 2 
Wall 200 -100 100 100 2 
Wall 300 -100 100 100 2 
Wall 400 -100 100 100 2 
Wall 500 -100 100 100 2 
Block 500 0 100 100 2 true
Block 500 100 100 100 2 true
Switch 400 400 100 100 2 false
Wall 600 -100 100 100 2 
Wall 700 -100 100 100 2 
Wall 700 -200 100 100 2 
Wall 700 -250 100 100 2 
Wall 700 -350 100 100 2 
Wall 700 -400 100 100 2 
Wall 450 -500 100 100 2 
Wall 450 -400 100 100 2 
Wall 450 -300 100 100 2 
Wall 200 -300 100 100 2 
Wall 200 -400 100 100 2 
Wall 200 -450 100 100 2 
Wall 200 -500 100 100 2 
Wall 0 -300 100 100 2 
Wall 0 -400 100 100 2 
Wall 0 -200 100 100 2 
Wall -150 -500 100 100 2 
Wall -200 -400 100 100 2 
Block 0 -500 100 100 3 true
Block -300 -400 100 100 4 true
Switch 350 -500 100 100 3 false
Switch -300 -200 100 100 4 false
Wall -500 200 100 100 1 
Wall -400 200 100 100 1 
Wall -350 200 100 100 1 
Wall -400 -500 100 100 1 
Wall -400 -400 100 100 1 
Wall -400 -300 100 100 1 
Wall -400 -200 100 100 1 
Wall -400 -100 100 100 1 
Wall -300 -100 100 100 1 
Wall -200 -100 100 100 1 
Wall -100 -100 100 100 1 
Wall 0 -100 100 100 1 
Wall 0 -200 100 100 1 
Wall 0 -300 100 100 1 
Wall 0 -400 100 100 1 
Wall -150 -500 100 100 1 
Wall -200 -400 100 100 1 
Wall 200 -300 100 100 1 
Wall 200 -350 100 100 1 
Wall 200 -400 100 100 1 
Wall 200 -450 100 100 1 
Wall 200 -500 100 100 1 
Wall 450 -500 100 100 1 
Wall 450 -400 100 100 1 
Wall 700 -400 100 100 1 
Wall 700 -300 100 100 1 
Wall 700 -200 100 100 1 
Wall 700 -100 100 100 1 
Wall 600 -100 100 100 1 
Wall 500 -100 100 100 1 
Wall 400 -100 100 100 1 
Wall 450 -300 100 100 1 
Wall 300 -100 100 100 1 
Wall 200 -100 100 100 1 
Wall 100 -100 100 100 1 
Decoration -500 100 100 100 1 
Decoration -300 -500 100 100 3 
Decoration -250 -500 100 100 3 
Decoration 250 400 100 100 4 
Decoration -100 150 100 100 4 
Decoration -300 100 100 100 4 
Decoration -300 100 100 100 5 
Decoration -500 -200 100 100 5 
Decoration -300 -300 100 100 5 
Decoration -100 -300 100 100 5 
Decoration 350 -200 100 100 5 
Decoration 800 -500 100 100 5 
Decoration 550 -400 100 100 5 
Decoration 750 50 100 100 5 
Decoration 300 50 100 100 5 
Decoration 100 300 100 100 5 
Decoration -150 350 100 100 5 
Decoration 400 250 100 100 10 
Decoration -350 300 100 100 16 
Decoration -500 450 100 100 16 
Decoration 150 50 100 100 30 
Decoration 200 350 100 100 30 
Decoration -100 -200 100 100 30 
Decoration 800 100 100 100 30 
Size -600 -600 1000 600
