Player 0 0 100 100 
Floor -500 -500 1000 1000 0.0 0
Wall -49 -599 100 100 1 
Wall -601 -45 100 100 1 
Wall -53 498 100 100 1 
Wall 499 -49 100 100 1 
Wall -588 59 100 100 1 
Wall -597 -42 100 100 1 
Wall -48 -597 100 100 1 
Wall 497 -46 100 100 1 
Wall -53 497 100 100 1 
Wall -568 143 100 100 1 
Wall -542 202 100 100 1 
Wall -509 259 100 100 1 
Wall -482 294 100 100 1 
Wall -454 324 100 100 1 
Wall -421 357 100 100 1 
Wall -380 389 100 100 1 
Wall -334 421 100 100 1 
Wall -273 453 100 100 1 
Wall -219 474 100 100 1 
Wall -153 491 100 100 1 
Wall -597 -145 100 100 1 
Wall -592 -173 100 100 1 
Wall -583 -205 100 100 1 
Wall -572 -244 100 100 1 
Wall -563 -281 100 100 1 
Wall -550 -308 100 100 1 
Wall -531 -342 100 100 1 
Wall -513 -373 100 100 1 
Wall -496 -398 100 100 1 
Wall -149 -597 100 100 1 
Wall -189 -587 100 100 1 
Wall -242 -577 100 100 1 
Wall -287 -562 100 100 1 
Wall -318 -546 100 100 1 
Wall -350 -530 100 100 1 
Wall -381 -504 100 100 1 
Wall -407 -488 100 100 1 
Wall -431 -472 100 100 1 
Wall -458 -445 100 100 1 
Wall -478 -425 100 100 1 
Wall -444 -458 100 100 1 
Wall 51 -596 100 100 1 
Wall 91 -584 100 100 1 
Wall 144 -573 100 100 1 
Wall 180 -559 100 100 1 
Wall 221 -546 100 100 1 
Wall 247 -530 100 100 1 
Wall 281 -509 100 100 1 
Wall 314 -485 100 100 1 
Wall 347 -450 100 100 1 
Wall 332 -468 100 100 1 
Wall 302 -497 100 100 1 
Wall 497 -151 100 100 1 
Wall 492 -180 100 100 1 
Wall 485 -219 100 100 1 
Wall 476 -255 100 100 1 
Wall 466 -281 100 100 1 
Wall 457 -307 100 100 1 
Wall 445 -328 100 100 1 
Wall 432 -352 100 100 1 
Wall 421 -371 100 100 1 
Wall 412 -384 100 100 1 
Wall 396 -399 100 100 1 
Wall 385 -412 100 100 1 
Wall 376 -429 100 100 1 
Wall 367 -436 100 100 1 
Wall 497 54 100 100 1 
Wall 488 80 100 100 1 
Wall 480 122 100 100 1 
Wall 470 157 100 100 1 
Wall 458 175 100 100 1 
Wall 447 212 100 100 1 
Wall 428 250 100 100 1 
Wall 434 238 100 100 1 
Wall 418 271 100 100 1 
Wall 406 285 100 100 1 
Wall 392 304 100 100 1 
Wall 377 323 100 100 1 
Wall 360 339 100 100 1 
Wall 347 356 100 100 1 
Wall 330 370 100 100 1 
Wall 315 383 100 100 1 
Wall 298 398 100 100 1 
Wall 275 413 100 100 1 
Wall 259 425 100 100 1 
Wall 239 440 100 100 1 
Wall 216 451 100 100 1 
Wall 186 465 100 100 1 
Wall 155 474 100 100 1 
Wall 107 487 100 100 1 
Wall 64 497 100 100 1 
Wall 44 494 100 100 1 
Wall 133 480 100 100 1 
Wall 198 456 100 100 1 
Wall 290 404 100 100 1 
Wall -601 -48 100 100 2 
Wall -600 -150 100 100 2 
Wall -550 -250 100 100 2 
Wall -500 -350 100 100 2 
Wall -450 -400 100 100 2 
Wall -400 -450 100 100 2 
Wall -350 -500 100 100 2 
Wall -300 -550 100 100 2 
Wall -200 -550 100 100 2 
Wall -150 -600 100 100 2 
Wall -50 -600 100 100 2 
Wall 50 -600 100 100 2 
Wall -600 50 100 100 2 
Wall -550 100 100 100 2 
Wall -550 200 100 100 2 
Wall -500 250 100 100 2 
Wall -450 350 100 100 2 
Wall -450 300 100 100 2 
Wall -400 400 100 100 2 
Wall -400 350 100 100 2 
Wall -350 400 100 100 2 
Wall -50 500 100 100 2 
Wall -150 500 100 100 2 
Wall -200 500 100 100 2 
Wall -250 450 100 100 2 
Wall -300 400 100 100 2 
Wall 50 500 100 100 2 
Wall 150 500 100 100 2 
Wall 100 450 100 100 2 
Wall 200 450 100 100 2 
Wall 200 400 100 100 2 
Wall 250 400 100 100 2 
Wall 300 350 100 100 2 
Wall 350 300 100 100 2 
Wall 400 250 100 100 2 
Wall 450 200 100 100 2 
Wall 400 200 100 100 2 
Wall 450 150 100 100 2 
Wall 450 100 100 100 2 
Wall 450 0 100 100 2 
Wall 500 -50 100 100 2 
Wall 500 -150 100 100 2 
Wall 450 -150 100 100 2 
Wall 450 -200 100 100 2 
Wall 450 -250 100 100 2 
Wall 400 -300 100 100 2 
Wall 350 -400 100 100 2 
Wall 300 -450 100 100 2 
Wall 250 -500 100 100 2 
Wall 200 -500 100 100 2 
Wall 150 -550 100 100 2 
Wall 100 -550 100 100 2 
Wall 0 -550 100 100 2 
Wall -100 -550 100 100 2 
Wall -300 -500 100 100 2 
Wall -500 -300 100 100 2 
Wall -550 -150 100 100 2 
Wall -500 200 100 100 2 
Wall -150 450 100 100 2 
Wall -50 450 100 100 2 
Wall 50 450 100 100 2 
Spike -150 -50 100 100 1 true false
Spike -150 -150 100 100 1 true false
Spike -50 -150 100 100 1 true false
Spike 50 -150 100 100 1 true false
Spike 50 -50 100 100 1 true false
Spike -50 50 100 100 1 true false
Spike 50 50 100 100 1 true false
Spike -150 50 100 100 1 true false
Switch 150 -50 100 100 1 false
Spike -350 -50 100 100 1 false false
Spike -350 -150 100 100 1 false false
Spike -350 -250 100 100 1 false false
Spike -250 -350 100 100 1 false false
Spike -150 -350 100 100 1 false false
Spike -50 -350 100 100 1 false false
Spike 50 -350 100 100 1 false false
Spike 150 -350 100 100 1 false false
Spike 250 -250 100 100 1 false false
Spike 250 -150 100 100 1 false false
Spike 250 -50 100 100 1 false false
Spike 250 50 100 100 1 false false
Spike -350 50 100 100 1 false false
Spike -350 150 100 100 1 false false
Spike -250 250 100 100 1 false false
Spike -150 250 100 100 1 false false
Spike -50 250 100 100 1 false false
Spike 50 250 100 100 1 false false
Spike 150 250 100 100 1 false false
Spike 250 150 100 100 1 false false
Exit -50 350 100 100 
Decoration 150 50 100 100 1 
Decoration 150 50 100 100 3 
Decoration -500 0 100 100 12 
Decoration 400 -50 100 100 12 
Decoration 100 -250 100 100 28 
Decoration -350 -350 100 100 28 
Decoration -350 300 100 100 28 
Decoration -450 -150 100 100 29 
Decoration 50 -450 100 100 29 
Decoration 350 100 100 100 29 
Decoration 50 150 100 100 29 
Decoration 100 350 100 100 30 
Decoration -150 -250 100 100 30 
Decoration -450 -50 100 100 20 
Decoration -450 50 100 100 20 
Decoration -200 150 100 100 20 
Decoration -200 -100 100 100 20 
Decoration 50 -250 100 100 20 
Decoration 50 -400 100 100 20 
Decoration -100 -400 100 100 20 
Decoration -350 -350 100 100 20 
Decoration 350 150 100 100 20 
Decoration 350 50 100 100 20 
Decoration -200 350 100 100 20 
Decoration 0 150 100 100 20 
Decoration -450 50 100 100 14 
Decoration -200 50 100 100 14 
Decoration -200 -150 100 100 14 
Decoration 200 -150 100 100 14 
Decoration -200 -300 100 100 14 
Decoration 250 -300 100 100 14 
Decoration 350 0 100 100 14 
Decoration 200 300 100 100 14 
Decoration 150 300 100 100 14 
Decoration -50 300 100 100 14 
Size -601 -600 600 600
