Floor -250 -250 500 500 0.0 1
Floor -400 -200 390 390 0.0 1
Floor 0 -200 390 390 0.0 1
Wall -350 -300 100 100 1
Wall -400 -300 100 100 1
Wall -500 -200 100 100 1
Wall -500 -100 100 100 1
Wall -500 0 100 100 1
Wall -500 100 100 100 1
Wall 250 -300 100 100 1
Wall 350 -300 100 100 1
Wall 200 -350 100 100 1
Wall 100 -350 100 100 1
Wall 0 -350 100 100 1
Wall -100 -350 100 100 1
Wall -150 -350 100 100 1
Wall -200 -350 100 100 1
Wall -300 -350 100 100 1
Wall 350 -200 100 100 1
Wall 350 -100 100 100 1
Wall 350 0 100 100 1
Wall 350 100 100 100 1
Wall 300 150 100 100 1
Wall 250 150 100 100 1
Wall 250 250 100 100 1
Wall 150 250 100 100 1
Wall 50 250 100 100 1
Wall -50 250 100 100 1
Wall -150 250 100 100 1
Wall -200 250 100 100 1
Wall -250 250 100 100 1
Wall -350 150 100 100 1
Wall -400 150 100 100 1
Wall -400 150 100 100 2
Wall -350 150 100 100 2
Wall -250 250 100 100 2
Wall -200 250 100 100 2
Wall -100 250 100 100 2
Wall -50 250 100 100 2
Wall 50 250 100 100 2
Wall 150 250 100 100 2
Wall 250 250 100 100 2
Wall 250 150 100 100 2
Wall 350 150 100 100 2
Wall 350 100 100 100 2
Wall 350 0 100 100 2
Wall 350 -50 100 100 2
Wall 350 -100 100 100 2
Wall 350 -200 100 100 2
Wall 350 -300 100 100 2
Wall 250 -300 100 100 2
Wall 200 -350 100 100 2
Wall 100 -350 100 100 2
Wall 150 -350 100 100 2
Wall 0 -350 100 100 2
Wall -50 -350 100 100 2
Wall -100 -350 100 100 2
Wall -150 -350 100 100 2
Wall -200 -350 100 100 2
Wall -250 -350 100 100 2
Wall -300 -350 100 100 2
Wall -350 -300 100 100 2
Wall -400 -300 100 100 2
Wall -500 -200 100 100 2
Wall -500 -100 100 100 2
Wall -500 0 100 100 2
Wall -500 100 100 100 2
Wall -500 50 100 100 2
Wall -500 -50 100 100 2
Player -350 0 100 100
Decoration -250 150 100 100 -1
Decoration 150 -250 100 100 4
Decoration 50 150 100 100 4
Decoration -100 50 100 100 4
Decoration -150 -200 100 100 5
Decoration -250 -50 100 100 5
Decoration 50 -150 100 100 5
Exit 250 -50 100 100
Size -500 -350 450 350
