Player -500 -250 100 100 
Floor -550 -350 680 680 0.0 1
Floor 100 -150 650 480 0.0 1
Wall 100 -250 100 100 1 
Wall 100 -350 100 100 1 
Wall 100 -450 100 100 1 
Wall 0 -450 100 100 1 
Wall -550 -450 100 100 1 
Wall -650 -450 100 100 1 
Wall -650 -350 100 100 1 
Wall -650 200 100 100 1 
Wall -650 300 100 100 1 
Wall -550 300 100 100 1 
Wall 650 300 100 100 1 
Wall 750 300 100 100 1 
Wall 750 200 100 100 1 
Wall 650 -250 100 100 1 
Wall 750 -250 100 100 1 
Wall 750 -150 100 100 1 
Wall -500 -450 540 100 1 
Wall -500 300 1210 100 1 
Wall -650 -300 100 620 1 
Wall 750 -200 100 450 1 
Wall 150 -250 520 100 1 
Wall -650 -450 100 100 2 
Wall -550 -450 100 100 2 
Wall -650 -350 100 100 2 
Wall 0 -450 100 100 2 
Wall 100 -450 100 100 2 
Wall 100 -350 100 100 2 
Wall 100 -250 100 100 2 
Wall -100 -450 100 100 2 
Wall -200 -450 100 100 2 
Wall -300 -450 100 100 2 
Wall -400 -450 100 100 2 
Wall -450 -450 100 100 2 
Wall -650 -250 100 100 2 
Wall -650 -150 100 100 2 
Wall -650 -50 100 100 2 
Wall -650 50 100 100 2 
Wall -650 150 100 100 2 
Wall -650 250 100 100 2 
Wall -650 300 100 100 2 
Wall -550 300 100 100 2 
Wall -450 300 100 100 2 
Wall -350 300 100 100 2 
Wall -250 300 100 100 2 
Wall -150 300 100 100 2 
Wall -50 300 100 100 2 
Wall 50 300 100 100 2 
Wall 150 300 100 100 2 
Wall 250 300 100 100 2 
Wall 350 300 100 100 2 
Wall 450 300 100 100 2 
Wall 550 300 100 100 2 
Wall 650 300 100 100 2 
Wall 750 300 100 100 2 
Wall 750 200 100 100 2 
Wall 750 100 100 100 2 
Wall 750 0 100 100 2 
Wall 750 -100 100 100 2 
Wall 750 -200 100 100 2 
Wall 200 -250 100 100 2 
Wall 300 -250 100 100 2 
Wall 400 -250 100 100 2 
Wall 500 -250 100 100 2 
Wall 550 -250 100 100 2 
Wall 650 -250 100 100 2 
Wall 750 -250 100 100 2 
Spike -450 -350 100 100 1 true false
Spike -450 -250 100 100 1 true false
Spike -550 -250 100 100 1 true false
Switch -550 200 100 100 1 false
Switch -550 -150 100 100 2 true
Switch -450 -150 100 100 3 true
Bouncer -350 -250 100 100 2 0.0
Bouncer -350 -50 100 100 2 0.0
Bouncer -350 100 100 100 2 0.0
Bouncer -350 200 100 100 3 0.0
Spike -200 200 100 100 4 true false
Spike -200 100 100 100 4 true false
Spike -100 100 100 100 4 true false
Spike 0 100 100 100 4 true false
Spike 100 100 100 100 4 true false
Spike 100 -150 100 100 4 true false
Spike 100 -50 100 100 4 true false
Spike 100 0 100 100 4 true false
Exit 650 -150 100 100 
Switch 0 -350 100 100 5 true
Bouncer -100 200 100 100 5 1.5707963267948966
Bouncer 100 200 100 100 5 1.5707963267948966
Bouncer 300 200 100 100 5 1.5707963267948966
Bouncer 500 200 100 100 5 1.5707963267948966
Switch 650 200 100 100 4 false
Spike 400 -150 100 100 7 true false
Spike 400 -50 100 100 7 true false
Spike 400 50 100 100 7 true false
Switch 650 100 100 100 7 false
Spike 550 100 100 100 7 true false
Spike 500 100 100 100 7 true false
Spike 400 100 100 100 7 true false
Spike 300 100 100 100 7 true false
Spike 300 50 100 100 7 true false
Spike 300 -50 100 100 7 true false
Spike 300 -150 100 100 7 true false
Spike -550 100 100 100 -1 true false
Spike -450 100 100 100 -1 true false
Spike -450 200 100 100 -1 true false
Spike -450 0 100 100 -1 true false
Spike -550 0 100 100 -1 true false
Decoration -300 -350 100 100 1 
Decoration -50 -250 100 100 1 
Decoration -150 0 100 100 3 
Decoration -300 -150 100 100 3 
Decoration 250 0 100 100 3 
Decoration 200 150 100 100 3 
Decoration 50 200 100 100 3 
Decoration 500 -150 100 100 3 
Decoration 550 -50 100 100 3 
Decoration -200 -250 100 100 5 
Decoration -200 -100 100 100 5 
Decoration -300 50 100 100 5 
Decoration 200 150 100 100 5 
Decoration 500 0 100 100 5 
Decoration 600 -50 100 100 5 
Decoration 200 -100 100 100 5 
Decoration 0 -150 100 100 5 
Decoration 0 -50 130 130 14 
Decoration -100 -250 130 130 14 
Decoration 200 0 130 130 14 
Decoration 550 200 130 130 14 
Decoration 450 200 130 130 14 
Decoration -100 -300 130 130 14 
Decoration -50 -350 130 130 14 
Decoration -250 -150 160 160 32 
Size -650 -450 850 400
