Player 500 450 100 100 
Floor 150 50 420 420 0.0 1
Floor -800 -350 1370 420 0.0 1
Floor -800 50 320 320 0.0 1
Wall -500 50 100 100 1 
Wall -500 150 100 100 1 
Wall -500 250 100 100 1 
Wall -600 350 100 100 1 
Wall -500 350 100 100 1 
Wall -800 350 100 100 1 
Wall -900 350 100 100 1 
Wall -900 250 100 100 1 
Wall -900 -350 100 100 1 
Wall -800 -450 100 100 1 
Wall -900 -450 100 100 1 
Wall 50 50 100 100 1 
Wall 50 150 100 100 1 
Wall -50 50 100 100 1 
Wall 50 350 100 100 1 
Wall 50 450 100 100 1 
Wall 150 450 100 100 1 
Wall 250 450 100 100 1 
Wall 350 450 100 100 1 
Wall 450 450 100 100 1 
Wall 550 450 100 100 1 
Wall 550 350 100 100 1 
Wall 550 -350 100 100 1 
Wall 550 -450 100 100 1 
Wall 450 -450 100 100 1 
Wall -700 -450 1170 100 1 
Wall -700 350 100 100 1 
Wall -900 -300 100 600 1 
Wall 550 -300 100 670 1 
Wall 50 250 100 100 1 
Wall -500 50 510 100 1 
Wall -900 -450 100 100 2 
Wall -900 -350 100 100 2 
Wall -800 -450 100 100 2 
Wall -900 -250 100 100 2 
Wall -900 -150 100 100 2 
Wall -900 -50 100 100 2 
Wall -900 50 100 100 2 
Wall -900 150 100 100 2 
Wall -900 250 100 100 2 
Wall -900 350 100 100 2 
Wall -800 350 100 100 2 
Wall -700 350 100 100 2 
Wall -600 350 100 100 2 
Wall -500 350 100 100 2 
Wall -500 250 100 100 2 
Wall -500 150 100 100 2 
Wall -500 50 100 100 2 
Wall -400 50 100 100 2 
Wall -300 50 100 100 2 
Wall -200 50 100 100 2 
Wall -100 50 100 100 2 
Wall 50 50 100 100 2 
Wall 0 50 100 100 2 
Wall 50 150 100 100 2 
Wall 50 250 100 100 2 
Wall 50 350 100 100 2 
Wall 50 450 100 100 2 
Wall 150 450 100 100 2 
Wall 250 450 100 100 2 
Wall 350 450 100 100 2 
Wall 450 450 100 100 2 
Wall 550 450 100 100 2 
Wall 550 350 100 100 2 
Wall 550 250 100 100 2 
Wall 550 150 100 100 2 
Wall 550 50 100 100 2 
Wall 550 -50 100 100 2 
Wall 550 -150 100 100 2 
Wall 550 -250 100 100 2 
Wall 550 -350 100 100 2 
Wall 550 -450 100 100 2 
Wall 450 -450 100 100 2 
Wall 350 -450 100 100 2 
Wall 250 -450 100 100 2 
Wall 150 -450 100 100 2 
Wall 50 -450 100 100 2 
Wall -700 -450 100 100 2 
Wall -600 -450 100 100 2 
Wall -500 -450 100 100 2 
Wall -400 -450 100 100 2 
Wall -300 -450 100 100 2 
Wall -200 -450 100 100 2 
Wall -150 -450 100 100 2 
Wall -50 -450 100 100 2
Exit -700 250 100 100 
Spike 450 250 100 100 -1 true false
Spike 150 250 100 100 -1 true false
Spike 150 50 100 100 -1 true false
Spike 150 350 100 100 -1 true false
Spike 450 50 100 100 -1 true false
Spike 450 150 100 100 -1 true false
Spike -800 -350 100 100 -1 true false
Spike -700 -350 100 100 -1 true false
Spike -600 -350 100 100 -1 true false
Spike -250 -50 100 100 -1 true false
Spike -250 -150 100 100 -1 true false
Spike -600 -50 100 100 -1 true false
Spike -600 50 100 100 -1 true false
Spike 450 -350 100 100 -1 true false
Spike 250 -350 100 100 -1 true false
Spike 350 -350 100 100 -1 true false
Turret 250 -200 100 100 1 false 1
Turret -800 -250 100 100 2 false 0
Switch 150 150 100 100 2 true
Turret -700 -250 1270 100 2 true 0
Turret -800 -150 100 500 2 true 1
Turret 250 -100 100 580 1 true 1
Turret -700 -200 970 100 1 true 2
Turret 250 -350 100 190 1 true 3
Turret 350 -200 220 100 1 true 0
Switch 50 -350 100 100 1 true
Turret -400 -350 100 100 3 false 1
Turret -400 -250 100 330 3 true 1
Turret -500 -350 100 100 3 true 2
Turret -300 -350 550 100 3 true 0
Switch -500 -50 100 100 3 true
Size -900 -450 650 550
