Player 0 400 100 100
Floor -500 -500 990 990 0.0 1
Wall -600 400 100 100 1
Wall -600 -500 100 1030 1
Wall 450 -500 100 1030 1
Wall -650 450 1190 100 1
Wall -600 -600 1190 100 1
Wall -500 450 100 100 2
Wall -600 450 100 100 2
Wall -400 450 100 100 2
Wall -300 450 100 100 2
Wall -200 450 100 100 2
Wall -100 450 100 100 2
Wall 0 450 100 100 2
Wall 100 450 100 100 2
Wall 200 450 100 100 2
Wall 300 450 100 100 2
Wall 400 450 100 100 2
Wall 450 450 100 100 2
Wall 450 400 100 100 2
Wall 450 300 100 100 2
Wall 450 200 100 100 2
Wall 450 100 100 100 2
Wall 450 0 100 100 2
Wall 450 -100 100 100 2
Wall 450 -200 100 100 2
Wall 450 -300 100 100 2
Wall 450 -400 100 100 2
Wall 450 -500 100 100 2
Wall 450 -600 100 100 2
Wall 350 -600 100 100 2
Wall 300 -600 100 100 2
Wall 200 -600 100 100 2
Wall 100 -600 100 100 2
Wall 0 -600 100 100 2
Wall -100 -600 100 100 2
Wall -200 -600 100 100 2
Wall -300 -600 100 100 2
Wall -400 -600 100 100 2
Wall -450 -600 100 100 2
Wall -500 -600 100 100 2
Wall -600 -600 100 100 2
Wall -600 -500 100 100 2
Wall -600 -400 100 100 2
Wall -600 -300 100 100 2
Wall -600 -450 100 100 2
Wall -600 -300 100 100 2
Wall -600 -250 100 100 2
Wall -600 -200 100 100 2
Wall -600 -150 100 100 2
Wall -600 -50 100 100 2
Wall -600 50 100 100 2
Wall -600 150 100 100 2
Wall -600 250 100 100 2
Wall -600 300 100 100 2
Wall -600 400 100 100 2
Wall -200 350 100 100 2
Wall -200 250 100 100 2
Wall -200 150 100 100 2
Wall -100 150 100 100 2
Wall 0 150 100 100 2
Wall 100 150 100 100 2
Wall 100 250 100 100 2
Exit -500 -500 100 100
Wall 200 250 100 100 2
Wall 350 -50 100 100 2
Wall 250 -50 100 100 2
Wall 150 -50 100 100 2
Wall 50 -50 100 100 2
Wall 50 -150 100 100 2
Wall -150 -150 100 100 2
Wall -150 -50 100 100 2
Wall -250 -50 100 100 2
Wall -350 -50 100 100 2
Wall -400 -50 100 100 2
Wall -400 50 100 100 2
Wall -400 150 100 100 2
Wall -400 250 100 100 2
Wall -500 -250 100 100 2
Wall -400 -250 100 100 2
Wall -300 -250 100 100 2
Wall -300 -350 100 100 2
Wall -300 -400 100 100 2
Wall -200 -400 100 100 2
Wall -100 -400 100 100 2
Wall -100 -200 100 100 2
Wall 0 -400 100 100 2
Wall 100 -400 100 100 2
Wall 200 -400 100 100 2
Wall -100 -250 100 100 2
Wall -100 -300 100 100 2
Wall 200 -300 100 100 2
Wall 250 -200 100 100 2
Wall -200 150 100 100 1
Wall -200 250 100 100 1
Wall -200 350 100 100 1
Wall -200 150 180 100 1
Wall -50 150 180 100 1
Wall 100 150 100 100 1
Wall 100 250 100 100 1
Wall 50 -150 100 100 1
Wall 50 -50 100 100 1
Wall 150 -50 100 100 1
Wall 250 -50 100 100 1
Wall 350 -50 100 100 1
Wall 250 -200 100 100 1
Wall 200 -300 100 100 1
Wall 200 -400 100 100 1
Wall 100 -400 100 100 1
Wall 50 -400 100 100 1
Wall 0 -400 100 100 1
Wall -100 -400 100 100 1
Wall -200 -400 100 100 1
Wall -300 -400 100 100 1
Wall -300 -300 100 100 1
Wall -300 -250 100 100 1
Wall -350 -250 100 100 1
Wall -400 -250 100 100 1
Wall -500 -250 100 100 1
Wall -400 -50 100 100 1
Wall -300 -50 100 100 1
Wall -250 -50 100 100 1
Wall -150 -50 100 100 1
Wall -150 -100 100 100 1
Wall -150 -150 100 100 1
Wall -100 -200 100 100 1
Wall -100 -250 100 100 1
Wall -100 -300 100 100 1
Wall -400 50 100 100 1
Wall -400 150 100 100 1
Wall -400 200 100 100 1
Wall -400 250 100 100 1
Wall 200 250 100 100 1
Decoration -200 -300 100 100 -1
Decoration -400 -400 100 100 3
Decoration -450 -400 100 100 3
Decoration -450 -350 100 100 3
Decoration -100 250 100 100 4
Decoration 0 250 100 100 4
Decoration -500 100 100 100 4
Decoration -400 350 100 100 4
Decoration 150 -200 100 100 4
Decoration 100 -500 100 100 4
Decoration -150 -500 100 100 4
Decoration -450 -350 100 100 7
Decoration -250 -150 100 100 7
Decoration 200 50 100 100 14
Decoration 350 100 100 100 14
Decoration 400 -200 100 100 14
Decoration 400 -300 100 100 14
Decoration 350 -300 100 100 14
Decoration 350 -300 100 100 11
Decoration 150 -250 100 100 27
Decoration -400 -150 100 100 29
Decoration -300 100 100 100 30
Decoration 0 -300 100 100 30
Decoration 350 150 100 100 30
Decoration 350 100 100 100 30
Decoration 350 50 100 100 30
Size -650 -600 590 550
