Floor -400 -300 840 840 0.0 1
Floor -150 -500 270 270 0.0 1
Wall -250 -400 100 100 1 
Wall -250 -500 100 100 1 
Wall -350 -400 100 100 1 
Wall -450 -400 100 100 1 
Wall -500 -300 100 100 1 
Wall -150 -600 100 100 1 
Wall -50 -600 100 100 1 
Wall -250 -600 100 100 1 
Wall 50 -600 100 100 1 
Wall 100 -600 100 100 1 
Wall 100 -500 100 100 1 
Wall 100 -400 100 100 1 
Wall 200 -400 100 100 1 
Wall 300 -400 100 100 1 
Wall 400 -400 100 100 1 
Wall 400 -300 100 100 1 
Wall -500 500 100 100 1 
Wall -400 500 100 100 1 
Wall 350 500 100 100 1 
Wall 250 500 100 100 1 
Wall 400 500 100 100 1 
Wall 400 400 100 100 1 
Wall -500 400 100 100 1 
Wall 400 -250 100 690 1 
Wall -500 -250 100 690 1 
Wall -350 500 630 100 1 
Wall -500 -400 100 100 2 
Wall -250 -400 100 100 2 
Wall -400 -400 100 100 2 
Wall -350 -400 100 100 2 
Wall -500 -300 100 100 2 
Wall -500 -200 100 100 2 
Wall -500 -100 100 100 2 
Wall -500 0 100 100 2 
Wall -500 100 100 100 2 
Wall -500 250 100 100 2 
Wall -500 200 100 100 2 
Wall -500 350 100 100 2 
Wall -500 450 100 100 2 
Wall -500 500 100 100 2 
Wall -400 500 100 100 2 
Wall -300 500 100 100 2 
Wall -200 500 100 100 2 
Wall -50 500 100 100 2 
Wall -100 500 100 100 2 
Wall 50 500 100 100 2 
Wall 150 500 100 100 2 
Wall 250 500 100 100 2 
Wall 350 500 100 100 2 
Wall 400 500 100 100 2 
Wall 400 400 100 100 2 
Wall 400 300 100 100 2 
Wall 400 200 100 100 2 
Wall 400 100 100 100 2 
Wall 400 0 100 100 2 
Wall 400 -100 100 100 2 
Wall 400 -150 100 100 2 
Wall 400 -200 100 100 2 
Wall 400 -300 100 100 2 
Wall 400 -350 100 100 2 
Wall 400 -400 100 100 2 
Wall 300 -400 100 100 2 
Wall 100 -400 100 100 2 
Wall 100 -500 100 100 2 
Wall 100 -600 100 100 2 
Wall -250 -500 100 100 2 
Wall -250 -600 100 100 2 
Wall -150 -600 100 100 2 
Wall -50 -600 100 100 2 
Wall 50 -600 100 100 2 
Wall 200 -400 100 100 2 
Exit -50 -500 100 100 
Block -400 0 100 100 1 true
Block -350 0 100 100 1 true
Wall -250 0 100 100 2 
Wall -250 -300 100 100 2 
Wall -250 -200 100 100 2 
Wall -250 -100 100 100 2 
Spike -150 -400 100 100 2 true true
Spike -50 -400 100 100 2 true true
Spike 0 -400 100 100 2 true true
Spike -100 -400 100 100 2 true true
Spike 300 300 100 100 3 true false
Spike 200 300 100 100 3 true false
Spike 200 400 100 100 3 true false
Player 350 500 100 100 
Wall 100 400 100 100 2 
Wall 100 300 100 100 2 
Wall 100 200 100 100 2 
Wall 100 -100 100 100 2 
Bouncer 300 200 100 100 -1 -1.5707963267948966
Bouncer 300 0 100 100 -1 -3.141592653589793
Bouncer 200 0 100 100 -1 -1.5707963267948966
Bouncer 200 -200 100 100 -1 -0.7853981633974483
Switch 300 -300 100 100 3 false
Block 100 0 100 100 3 true
Block 100 100 100 100 3 true
Wall 100 -200 100 100 2 
Wall 100 -300 100 100 2 
Block -150 -200 100 100 4 true
Block -50 -200 100 100 4 true
Block 0 -200 100 100 4 true
Switch -350 -300 100 100 4 false
Spike -300 100 100 100 -1 true false
Spike -200 100 100 100 -1 true false
Spike -100 100 100 100 -1 true false
Spike 0 100 100 100 -1 true false
Spike 0 200 100 100 -1 true false
Spike 0 300 100 100 -1 true false
Spike 0 400 100 100 -1 true false
Bouncer -100 200 100 100 0 1.5707963267948966
Bouncer -100 400 100 100 0 3.141592653589793
Bouncer -300 400 100 100 0 -1.5707963267948966
Bouncer -300 300 100 100 0 -3.141592653589793
Bouncer -400 300 100 100 0 1.5707963267948966
Bouncer -200 200 100 100 -1 -3.141592653589793
Bouncer -350 200 100 100 -1 -1.5707963267948966
Bouncer -350 100 100 100 -1 -1.5707963267948966
Bouncer -350 -100 100 100 -1 -1.5707963267948966
Decoration 300 100 100 100 1 
Decoration 300 -100 100 100 3 
Decoration -350 -200 100 100 3 
Decoration -350 200 100 100 15 
Decoration -400 300 100 100 15 
Decoration -250 400 100 100 15 
Decoration -150 400 100 100 15 
Decoration -100 350 100 100 15 
Decoration 250 250 100 100 15 
Switch -400 400 100 100 1 false
Decoration 200 -250 100 100 28 
Decoration -400 -150 100 100 28 
Decoration -400 150 100 100 29 
Decoration -200 400 100 100 29 
Decoration -150 350 100 100 29 
Decoration -50 -100 100 100 26 
Decoration -100 0 100 100 26 
Decoration -150 -50 100 100 26 
Decoration 0 -300 100 100 26 
Decoration -150 -300 100 100 26 
Decoration 0 0 100 100 15 
Decoration -100 -250 100 100 15 
Switch 0 -300 100 100 2 false
Wall -250 -300 100 100 1 
Wall -250 -200 100 100 1 
Wall -250 -100 100 100 1 
Wall -250 0 100 100 1 
Wall 100 200 100 100 1 
Wall 100 300 100 100 1 
Wall 100 400 100 100 1 
Wall 100 -300 100 100 1 
Wall 100 -200 100 100 1 
Wall 100 -100 100 100 1 
Size -500 -600 500 600
